-0.996249 0.0865282 -0.172407 -0.985026 0.966413 -0.256993 0.339651 0.940551 -0.907634 0.419762 -0.496723 -0.867909 0.821673 -0.569959 0.638919 0.769274 -0.711104 0.703087 -0.76198 -0.6476 0.579238 -0.815158 0.862221 0.506532 -0.430025 0.902817 -0.93664 -0.350293 0.267934 -0.963437 0.983008 0.183564 -0.0978181 0.995204 -0.999936 -0.0113379 -0.0752272 -0.997166 0.986917 -0.161228 0.24602 0.969265 -0.944342 0.328966 -0.409444 -0.912335 0.873485 -0.486851 0.560606 0.828082 -0.776468 0.630156 -0.694979 -0.71903 0.656198 -0.754589 0.808538 0.588443 
-0.994134 0.108159 -0.215049 -0.976603 0.947614 -0.319416 0.420036 0.907508 -0.856753 0.515727 -0.605367 -0.795946 0.725801 -0.687905 0.762371 0.64714 -0.560886 0.827893 -0.883701 -0.468052 0.369726 -0.929141 0.963679 0.267062 -0.161264 0.986911 -0.998564 -0.0535746 -0.0547435 -0.9985 0.986722 -0.162419 0.26819 0.963366 -0.928708 0.370813 -0.469086 -0.883153 0.827236 -0.561855 0.648032 0.761613 -0.687054 0.726606 -0.796655 -0.604435 0.514723 -0.857356 0.907999 0.418973 -0.318307 0.947988 -0.976854 -0.213906 0.106995 -0.99426 0.999999 -0.0011707 
0.901132 0.433545 0.781363 -0.624077 -0.22362 -0.974676 -0.975261 -0.221055 -0.622019 0.783002 0.435915 0.899988 0.999997 -0.00263117 0.431173 -0.90227 -0.626131 -0.779718 -0.974085 0.226184 -0.218488 0.97584 0.784636 0.619957 0.898838 -0.438281 -0.00526232 -0.999986 -0.903401 -0.428797 -0.778068 0.628181 0.228746 0.973486 0.976411 0.21592 0.61789 -0.786264 -0.440645 -0.897682 -0.999969 0.00789344 -0.426419 0.904526 0.630226 0.776412 0.972881 -0.231307 0.21335 -0.976976 -0.787887 -0.615819 -0.896519 0.443005 0.0105245 0.999945 0.905645 0.424037 
0.778597 0.627525 0.977177 -0.212426 0.447809 -0.894129 -0.415155 -0.90975 -0.968849 -0.247652 -0.800798 0.598935 -0.0361913 0.999345 0.755376 0.655292 0.984225 -0.176921 0.479875 -0.877337 -0.381958 -0.92418 -0.959251 -0.282554 -0.821949 0.569561 -0.0723352 0.99738 0.731165 0.682201 0.989983 -0.141185 0.511312 -0.859395 -0.348261 -0.937398 -0.948397 -0.317085 -0.842024 0.53944 -0.108384 0.994109 0.705996 0.708216 0.994444 -0.105264 0.54208 -0.840327 -0.314107 -0.949388 -0.9363 -0.351201 -0.860995 0.508613 -0.144291 0.989535 0.679903 0.733302 
0.999958 -0.00913612 -0.0182715 -0.999833 -0.999624 0.0274053 0.0365368 0.999332 0.998957 -0.0456653 -0.05479 -0.998498 -0.997956 0.0639101 0.0730249 0.99733 0.996621 -0.0821336 -0.0912354 -0.995829 -0.994954 0.10033 0.109415 0.993996 0.992955 -0.118492 -0.127559 -0.991831 -0.990624 0.136615 0.14566 0.989335 0.987963 -0.154692 -0.163712 -0.986508 -0.984971 0.172718 0.18171 0.983352 0.981651 -0.190686 -0.199647 -0.979868 -0.978003 0.208591 0.217517 0.976057 0.974029 -0.226425 -0.235315 -0.971919 -0.969729 0.244184 0.253034 0.967457 0.965105 -0.261862 
0.555696 -0.831386 -0.923995 0.382405 0.980697 0.195534 -0.70668 -0.707533 0.194351 0.980932 0.383519 -0.923533 -0.832056 0.554692 0.999999 0.00120679 -0.830715 -0.556699 0.381289 0.924456 0.196718 -0.98046 -0.708386 0.705826 0.981166 -0.193167 -0.923069 -0.384634 0.553687 0.832725 0.00241358 -0.999997 -0.557701 0.830042 0.924915 -0.380173 -0.980222 -0.197901 0.70497 0.709237 -0.191982 -0.981398 -0.385747 0.922604 0.833392 -0.552682 -0.999993 -0.00362037 0.829369 0.558702 -0.379057 -0.925373 -0.199083 0.979983 0.710087 -0.704114 -0.981629 0.190798 
0.320879 0.94712 0.607821 0.794074 0.830481 0.557047 0.96531 0.261107 0.998048 -0.0624475 0.925234 -0.379397 0.754567 -0.656223 0.504098 -0.863646 0.200316 -0.979731 -0.124651 -0.992201 -0.436436 -0.899736 -0.702063 -0.712115 -0.89344 -0.449182 -0.990328 -0.138743 -0.98248 0.186368 -0.870725 0.49177 -0.666883 0.745162 -0.392512 0.919747 -0.0766292 0.99706 0.247358 0.968924 0.545185 0.838316 0.785353 0.619048 0.942463 0.33431 0.999899 0.0142158 0.951586 -0.307382 0.802634 -0.596471 0.568797 -0.822478 0.274803 -0.9615 -0.0482531 -0.998835 
0.99947 0.0325502 0.065066 -0.997881 -0.995234 -0.0975128 -0.129856 0.991533 0.986781 0.162062 0.194096 -0.980983 -0.974145 -0.225924 -0.257513 0.966275 0.957381 0.288829 0.319839 -0.947472 -0.936559 -0.35051 -0.38081 0.924653 0.911768 0.410706 0.440166 -0.897916 -0.883113 -0.46916 -0.497657 0.867374 0.850715 0.525627 0.553039 -0.833155 -0.814712 -0.579866 -0.606077 0.795406 0.775256 0.631647 0.656547 -0.754285 -0.732515 -0.680751 -0.704234 0.709968 0.686669 0.72697 0.748936 -0.662642 -0.637913 -0.770109 -0.790465 0.612507 0.586453 0.809983 
0.343157 -0.939278 -0.64464 0.764486 0.867835 -0.496853 -0.985637 0.168879 0.983739 0.179604 -0.862372 -0.506275 0.636275 0.771462 -0.332907 -0.94296 -0.0108914 0.999941 0.353367 -0.935485 -0.652928 0.75742 0.873195 -0.487371 -0.987418 0.158134 0.981725 0.190308 -0.856807 -0.515637 0.627835 0.778346 -0.322617 -0.94653 -0.0217815 0.999763 0.363535 -0.931581 -0.661139 0.750264 0.878451 -0.477832 -0.989081 0.14737 0.979594 0.200989 -0.85114 -0.524939 0.619321 0.785138 -0.312289 -0.949987 -0.032669 0.999466 0.373659 -0.927566 -0.669271 0.743019 
-0.969647 0.244508 -0.474173 -0.880432 0.737769 -0.675053 0.834954 0.55032 -0.329463 0.944168 -0.996067 -0.0886063 -0.157629 -0.987498 0.918983 -0.394296 0.607027 0.794681 -0.622137 0.782908 -0.911262 -0.411827 0.176516 -0.984298 0.997581 -0.0695108 0.311318 0.950306 -0.845342 0.534226 -0.724703 -0.689061 0.49095 -0.871188 0.964786 0.263036 -0.0191547 0.999817 -0.974153 0.22589 -0.457222 -0.889353 0.750564 -0.660798 0.82426 0.566212 -0.347488 0.937684 -0.994187 -0.107669 -0.138685 -0.990337 0.926367 -0.376621 0.591694 0.806163 -0.63702 0.770848 
-0.121998 0.99253 -0.242174 0.970233 -0.358732 0.933441 -0.469931 0.882703 -0.574109 0.818779 -0.66971 0.742622 -0.755307 0.655372 -0.829619 0.55833 -0.891537 0.452947 -0.940137 0.340798 -0.974691 0.223557 -0.994684 0.102976 -0.999817 -0.0191428 -0.990013 -0.140976 -0.965419 -0.260703 -0.926402 -0.376535 -0.873546 -0.486742 -0.807639 -0.589678 -0.729666 -0.683803 -0.640793 -0.767714 -0.542346 -0.840155 -0.435798 -0.900045 -0.322738 -0.946488 -0.204858 -0.978792 -0.0839163 -0.996473 0.0382786 -0.999267 0.159902 -0.987133 0.279136 -0.960252 0.3942 -0.919025 
0.0433776 -0.999059 -0.0866735 0.996237 0.129806 -0.991539 -0.172695 0.984975 0.215258 -0.976557 -0.257416 0.966301 0.29909 -0.954225 -0.3402 0.940353 0.38067 -0.924711 -0.420424 0.907328 0.459386 -0.888237 -0.497483 0.867474 0.534643 -0.845078 -0.570798 0.821091 0.605877 -0.795558 -0.639816 0.768528 0.672551 -0.740051 -0.70402 0.710181 0.734163 -0.678973 -0.762924 0.646488 0.790249 -0.612786 -0.816086 0.57793 0.840387 -0.541986 -0.863107 0.505022 0.884201 -0.467107 -0.90363 0.428313 0.921359 -0.388712 -0.937353 0.34838 0.951583 -0.307392 
-0.543946 0.83912 -0.912872 0.408246 -0.988073 -0.153985 -0.745353 -0.66667 -0.262809 -0.964848 0.304296 -0.952577 0.773492 -0.633807 0.993809 -0.111103 0.894359 0.447349 0.507141 0.861863 -0.0432537 0.999064 -0.579732 0.814807 -0.929676 0.368379 -0.980488 -0.196578 -0.71582 -0.698285 -0.22083 -0.975312 0.345214 -0.938524 0.800182 -0.599757 0.997684 -0.0680128 0.874173 0.485615 0.469388 0.882992 -0.0864265 0.996258 -0.614433 0.788969 -0.944739 0.327822 -0.971068 -0.238804 -0.684946 -0.728594 -0.178437 -0.983951 0.385486 -0.922714 0.825375 -0.564585 
0.9986 0.0528976 0.105647 -0.994404 -0.987423 -0.158101 -0.210112 0.977677 0.965194 0.261534 0.312224 -0.950008 -0.932162 -0.36204 -0.410843 0.911706 0.888697 0.458494 0.504862 -0.8632 -0.835285 -0.549817 -0.593232 0.805032 0.772524 0.634985 0.674961 -0.737854 -0.701117 -0.713047 -0.749136 0.662417 0.621862 0.783127 0.814926 -0.579566 -0.535647 -0.844442 -0.871594 0.490228 0.443436 0.896306 0.918508 -0.395403 -0.346263 -0.938138 -0.955141 0.296153 0.245213 0.969469 0.981083 -0.193587 -0.14142 -0.98995 -0.996045 0.0888556 0.0360429 0.99935 
-0.951005 0.309177 -0.588057 -0.808819 0.587377 -0.809313 0.951264 0.308378 0.000840092 1 -0.950745 0.309976 -0.588736 -0.808325 0.586697 -0.809806 0.951523 0.307578 0.00168018 0.999999 -0.950484 0.310774 -0.589415 -0.80783 0.586017 -0.810299 0.951781 0.306779 0.00252027 0.999997 -0.950222 0.311573 -0.590094 -0.807335 0.585336 -0.810791 0.952038 0.305979 0.00336036 0.999994 -0.94996 0.312371 -0.590772 -0.806839 0.584654 -0.811282 0.952295 0.305179 0.00420045 0.999991 -0.949698 0.313169 -0.591449 -0.806342 0.583973 -0.811773 0.952551 0.304379 
-0.230697 -0.973026 0.448948 0.893558 -0.642979 -0.765884 0.802322 0.596892 -0.918381 -0.395698 0.984894 0.173157 -0.998274 0.0587259 0.957799 -0.28744 -0.865651 0.500648 0.726803 -0.686846 -0.548745 0.83599 0.341082 -0.940033 -0.115019 0.993363 -0.117249 -0.993103 0.343192 0.939265 -0.55062 -0.834756 0.728343 0.685213 -0.866773 -0.498703 0.958441 0.285289 -0.998403 -0.0564846 0.984503 -0.175368 -0.91749 0.397759 0.80098 -0.598692 -0.641258 0.767326 0.446941 -0.894564 -0.228512 0.973541 -0.00224502 -0.999997 0.232881 0.972505 -0.450953 -0.892548 
-0.466838 0.884343 -0.82569 0.564124 -0.993548 0.113415 -0.931583 -0.363528 -0.65413 -0.756382 -0.225367 -0.974274 0.255526 -0.966802 0.677313 -0.735695 0.942427 -0.334411 0.989545 0.144227 0.807766 0.589504 0.439139 0.898419 -0.0310672 0.999517 -0.494087 0.869413 -0.842817 0.5382 -0.996592 0.0824939 -0.91984 -0.392294 -0.630316 -0.776339 -0.194991 -0.980805 0.285439 -0.958397 0.699842 -0.714298 0.952362 -0.304971 0.984586 0.1749 0.789062 0.614314 0.411016 0.911628 -0.0621044 0.99807 -0.520859 0.853643 -0.859131 0.511756 -0.998673 0.0514928 
0.286508 0.958078 0.548993 0.835827 0.765449 0.643497 0.917726 0.397213 0.993058 0.117626 0.985128 -0.171824 0.8946 -0.446867 0.729066 -0.684443 0.502404 -0.864633 0.233618 -0.972328 -0.0547548 -0.9985 -0.338537 -0.940953 -0.593935 -0.804513 -0.799535 -0.600619 -0.938099 -0.346367 -0.998009 -0.0630746 -0.974242 0.225507 -0.86879 0.49518 -0.690496 0.723336 -0.454308 0.890845 -0.180028 0.983661 0.109345 0.994004 0.389551 0.921005 0.637095 0.770785 0.831222 0.55594 0.955657 0.294482 0.999965 0.00833426 0.960433 -0.278513 0.840373 -0.542008 
-0.624554 0.780982 -0.97553 0.219866 -0.899189 -0.43756 -0.428971 -0.903318 0.229152 -0.973391 0.786898 -0.617083 0.999955 0.00952935 0.774995 0.631967 0.21056 0.977581 -0.446109 0.894979 -0.907365 0.420344 -0.971163 -0.238417 -0.609556 -0.792743 0.0190578 -0.999818 0.639324 -0.768937 0.979543 -0.201234 0.890687 0.454617 0.411678 0.911329 -0.247661 0.968847 -0.798515 0.601974 -0.999591 -0.0285846 -0.76281 -0.646622 -0.191891 -0.981416 0.463084 -0.886314 0.915211 -0.402975 0.966443 0.256882 0.594338 0.804216 -0.0381087 0.999274 -0.653862 0.756614 
0.673688 0.739016 0.995732 0.0922888 0.798036 -0.60261 0.18379 -0.982966 -0.526389 -0.850244 -0.961809 -0.273722 -0.895195 0.445674 -0.361318 0.932443 0.361156 0.932506 0.895118 0.44583 0.961856 -0.273555 0.526537 -0.850152 -0.183619 -0.982998 -0.797931 -0.602749 -0.995748 0.0921154 -0.673817 0.738899 -0.000174094 1 0.673559 0.739133 0.995716 0.0924621 0.798141 -0.602471 0.183961 -0.982934 -0.526241 -0.850336 -0.961761 -0.27389 -0.895273 0.445518 -0.36148 0.93238 0.360993 0.932568 0.89504 0.445986 0.961904 -0.273387 0.526685 -0.850061 
0.148212 0.988956 0.29315 0.956066 0.431613 0.902059 0.560542 0.828126 0.677089 0.735901 0.778681 0.62742 0.863072 0.505081 0.928399 0.371585 0.973219 0.229881 0.996541 0.0830998 0.997851 -0.0655173 0.97712 -0.212687 0.934806 -0.355159 0.871843 -0.489786 0.789621 -0.613594 0.689959 -0.723849 0.575055 -0.818115 0.44745 -0.894309 0.309961 -0.950749 0.165625 -0.986189 0.0176306 -0.999845 -0.130753 -0.991415 -0.276249 -0.961086 -0.415642 -0.909528 -0.545855 -0.83788 -0.66401 -0.747724 -0.767498 -0.641051 -0.854033 -0.520219 -0.921703 -0.387896 
0.999786 -0.0206652 -0.0413215 -0.999146 -0.998079 0.0619602 0.0825724 0.996585 0.994666 -0.103149 -0.123682 -0.992322 -0.989554 0.144162 0.164581 0.986364 0.982752 -0.184929 -0.205198 -0.97872 -0.974271 0.22538 0.245465 0.969405 0.964126 -0.265446 -0.285313 -0.958434 -0.952334 0.305058 0.324673 0.945826 0.938915 -0.344149 -0.363479 -0.931603 -0.923892 0.382653 0.401663 0.915787 0.907291 -0.420503 -0.439162 -0.898408 -0.889141 0.457634 0.475911 0.879494 0.869471 -0.493984 -0.511846 -0.859077 -0.848316 0.52949 0.546907 0.837193 0.825713 -0.564091 
-0.675995 -0.736906 0.99629 0.0860607 -0.792349 0.610069 0.171483 -0.985187 0.539615 0.841912 -0.966774 -0.255633 0.885228 -0.465158 -0.337885 0.941187 -0.387248 -0.921975 0.908617 0.417631 -0.951882 0.306466 0.494278 -0.869304 0.223409 0.974725 -0.823541 -0.567257 0.990335 -0.138695 -0.636027 0.771667 -0.0529511 -0.998597 0.714067 0.700077 -0.999449 -0.0331853 0.758933 -0.651168 -0.119076 0.992885 -0.583438 -0.812158 0.978954 0.204082 -0.859355 0.511379 0.287575 -0.957758 0.435525 0.900177 -0.929456 -0.368933 0.934319 -0.356439 -0.447554 0.894257 
-0.0144519 -0.999896 0.0289007 0.999582 -0.0433435 -0.99906 0.0577773 0.998329 -0.072199 -0.99739 0.0866056 0.996243 -0.100994 -0.994887 0.115362 0.993324 -0.129705 -0.991553 0.144021 0.989575 -0.158307 -0.98739 0.17256 0.984999 -0.186777 -0.982402 0.200955 0.9796 -0.215091 -0.976594 0.229183 0.973383 -0.243226 -0.96997 0.257218 0.966353 -0.271157 -0.962535 0.285039 0.958516 -0.298862 -0.954296 0.312622 0.949878 -0.326317 -0.94526 0.339943 0.940446 -0.353499 -0.935435 0.366981 0.930228 -0.380386 -0.924828 0.393712 0.919234 -0.406956 -0.913448 
-0.846185 0.532889 -0.901845 -0.432059 -0.114981 -0.993368 0.779301 -0.62665 0.945543 0.325498 0.228438 0.973559 -0.702079 0.712099 -0.976698 -0.214619 -0.338864 -0.940836 0.615545 -0.788102 0.994897 0.100894 0.444795 0.895633 -0.520845 0.853651 -0.9999 0.0141698 -0.544826 -0.838549 0.419237 -0.907877 0.991639 -0.129046 0.63763 0.770343 -0.312067 0.95006 -0.970224 0.24221 -0.721976 -0.691918 0.200758 -0.979641 0.935939 -0.352161 0.796745 0.604316 -0.0867863 0.996227 -0.88924 0.457441 -0.860946 -0.508697 -0.0283368 -0.999598 0.830745 -0.556653 
0.902967 0.42971 0.776027 -0.630699 -0.236034 -0.971745 -0.97888 -0.204437 -0.605234 0.796048 0.45873 0.888576 0.999475 -0.0323886 0.400238 -0.916411 -0.655503 -0.755193 -0.96359 0.267384 -0.172625 0.984988 0.815233 0.579133 0.873252 -0.487269 -0.0647433 -0.997902 -0.928893 -0.370347 -0.733566 0.679619 0.298453 0.954424 0.990062 0.140632 0.552425 -0.833562 -0.515297 -0.857012 -0.995281 0.09703 -0.340067 0.940401 0.703021 0.711169 0.944257 -0.329209 0.108492 -0.994097 -0.851017 -0.525138 -0.839872 0.542784 0.129215 0.991617 0.950922 0.30943 
0.812108 0.583507 0.947741 -0.319039 0.293919 -0.95583 -0.604734 -0.796428 -0.999652 0.0263881 -0.561874 0.827223 0.343937 0.938993 0.963253 0.268594 0.780193 -0.625539 -0.0527579 -0.998607 -0.841762 -0.539849 -0.92959 0.368596 -0.243082 0.970006 0.645909 0.763414 0.996867 -0.0790909 0.517449 -0.855714 -0.392998 -0.919539 -0.976082 -0.217401 -0.746104 0.66583 0.105369 0.994433 0.869071 0.494688 0.908849 -0.417126 0.191568 -0.981479 -0.685286 -0.728274 -0.991306 0.131573 -0.471582 0.881822 0.440963 0.897525 0.986193 0.165602 0.709937 -0.704265 
-0.866467 0.499235 -0.865141 -0.501529 0.00264961 -0.999996 0.867786 -0.496937 0.863809 0.503819 -0.00529919 0.999986 -0.8691 0.494636 -0.862471 -0.506106 0.00794874 -0.999968 0.870408 -0.492332 0.861127 0.50839 -0.0105982 0.999944 -0.871709 0.490024 -0.859777 -0.51067 0.0132477 -0.999912 0.873004 -0.487712 0.858421 0.512946 -0.015897 0.999874 -0.874294 0.485398 -0.857059 -0.515219 0.0185462 -0.999828 0.875577 -0.483079 0.855691 0.517488 -0.0211953 0.999775 -0.876853 0.480758 -0.854316 -0.519753 0.0238442 -0.999716 0.878124 -0.478433 0.852936 0.522015 
-0.993933 -0.109986 0.218637 -0.975806 0.945839 0.324635 -0.426695 0.904396 -0.851978 -0.523577 0.614106 -0.789224 0.716893 0.697184 -0.771802 0.635863 -0.547118 -0.837055 0.892152 -0.451735 0.35087 0.936424 -0.969334 0.245748 -0.137644 -0.990482 0.999612 -0.02787 -0.0822421 0.996612 -0.981521 -0.191356 0.298149 -0.954519 0.915936 0.401324 -0.499629 0.86624 -0.806032 -0.591872 0.676933 -0.736045 0.657126 0.753781 -0.821482 0.570234 -0.476423 -0.879216 0.926282 -0.376832 0.272668 0.962108 -0.986261 0.165195 -0.0557184 -0.998447 0.998517 0.0544345 
-0.962937 -0.269725 0.519456 -0.854497 0.682717 0.730683 -0.887747 0.460331 -0.203822 -0.979008 0.997699 0.0677943 -0.334386 0.942436 -0.817315 -0.576191 0.775286 -0.63161 0.399088 0.916913 -0.990573 0.136982 0.135277 -0.990808 0.917599 0.397508 -0.630275 0.776372 -0.577597 -0.816322 0.941859 -0.336008 0.069512 0.997581 -0.979357 -0.202137 0.458802 -0.888539 0.731857 0.681458 -0.853602 0.520927 -0.271382 -0.962472 0.999999 -0.00172179 -0.268066 0.9634 -0.85539 -0.517984 0.729506 -0.683974 0.461859 0.886954 -0.978655 0.205508 0.0660764 -0.997815 
0.971861 0.235556 0.457856 -0.889026 -0.756159 -0.654388 -0.814092 0.580736 0.372629 0.92798 0.989643 -0.143552 0.0936042 -0.995609 -0.945545 -0.325493 -0.539063 0.842266 0.691585 0.722295 0.864877 -0.501983 -0.28413 -0.958786 -0.998735 0.0502869 -0.186387 0.982476 0.910926 0.41257 0.615535 -0.788109 -0.620939 -0.783859 -0.908068 0.418823 0.193136 0.981172 0.999057 0.0434197 0.277532 -0.960716 -0.868308 -0.496026 -0.686603 0.727032 0.54484 0.83854 0.943285 -0.331985 -0.100447 -0.994942 -0.990606 -0.136745 -0.366241 0.93052 0.818065 0.575125 
-0.943509 -0.331348 0.625259 -0.780417 0.529152 0.848527 -0.975926 0.218102 0.117589 -0.993062 0.898 0.439995 -0.71269 0.701479 -0.425704 -0.904863 0.994802 -0.101831 -0.233547 0.972346 -0.840031 -0.542538 0.790232 -0.612808 0.316348 0.948643 -0.999874 -0.0158534 0.346264 -0.938137 0.770407 0.637553 -0.856809 0.515634 -0.202603 -0.979261 0.991073 0.133318 -0.454177 0.890912 -0.690093 -0.723721 0.911498 -0.411305 0.0860472 0.996291 -0.968521 -0.248933 0.555787 -0.831325 0.600203 0.799848 -0.953539 0.301269 0.0317029 -0.999497 0.93253 0.361093 
0.163992 -0.986462 -0.323543 0.946213 0.474334 -0.880345 -0.612282 0.79064 0.733651 -0.679527 -0.835155 0.550015 0.914046 -0.40561 -0.968188 0.250223 0.996115 -0.0880601 -0.997071 -0.0764867 0.971029 0.238962 -0.918695 -0.394968 0.841486 0.540279 -0.741492 -0.670961 0.621422 0.783476 -0.484525 -0.874777 0.334509 0.942392 -0.175436 -0.984491 0.0116127 0.999933 0.152525 -0.9883 -0.312533 0.949907 0.464079 -0.885794 -0.603059 0.797697 0.72571 -0.688001 -0.828712 0.559676 0.909274 -0.416197 -0.965217 0.261449 0.995025 -0.0996217 -0.997892 -0.0649029 
-0.539988 -0.841673 0.908986 0.416826 -0.99015 0.14001 0.757779 -0.652512 -0.285453 0.958393 -0.277262 -0.960794 0.752181 0.658956 -0.988919 -0.148457 0.912511 -0.409052 -0.547152 0.837033 0.00853557 -0.999964 0.532784 0.846251 -0.905395 -0.42457 0.991309 -0.131554 -0.76332 0.64602 0.293623 -0.955921 0.269051 0.963126 -0.746529 -0.665352 0.987616 0.156892 -0.915969 0.401249 0.554277 -0.832332 -0.0170705 0.999854 -0.525541 -0.850768 0.901738 0.432282 -0.992396 0.123087 0.768807 -0.639481 -0.301772 0.95338 -0.260821 -0.965387 0.740823 0.6717 
0.238223 0.971211 0.462729 0.8865 0.660592 0.750745 0.820418 0.571764 0.933006 0.359861 0.991872 0.127238 0.993628 -0.112712 0.938171 -0.346172 0.828696 -0.559699 0.671505 -0.741 0.47565 -0.879635 0.252407 -0.967621 0.0146308 -0.999893 -0.223988 -0.974592 -0.449709 -0.893175 -0.649537 -0.76033 -0.811965 -0.583706 -0.927641 -0.373473 -0.989905 -0.141736 -0.99517 0.0981624 -0.943135 0.332409 -0.836796 0.547515 -0.682274 0.731096 -0.488468 0.872582 -0.266537 0.963825 -0.0292585 0.999572 0.209705 0.977765 0.436593 0.899659 0.638343 0.769752 
-0.452671 0.891677 -0.807274 0.590177 -0.986984 0.160818 -0.952869 -0.303382 -0.71232 -0.701855 -0.31745 -0.948275 0.146194 -0.989256 0.578166 -0.815919 0.884881 -0.465817 0.99989 -0.0147986 0.898279 0.439426 0.602059 0.798451 0.175406 0.984496 -0.289247 0.957254 -0.691237 0.722628 -0.943473 0.331448 -0.991311 -0.131539 -0.824386 -0.566028 -0.478861 -0.87789 -0.029594 -0.999562 0.426085 -0.904683 0.789454 -0.613809 0.981793 -0.189956 0.96143 0.27505 0.732778 0.680467 0.345374 0.938465 -0.116854 0.993149 -0.553766 0.832672 -0.870708 0.491801 
-0.0187757 0.999824 -0.0375447 0.999295 -0.0563005 0.998414 -0.0750365 0.997181 -0.093746 0.995596 -0.112422 0.99366 -0.131059 0.991375 -0.14965 0.988739 -0.168188 0.985755 -0.186666 0.982423 -0.205079 0.978745 -0.22342 0.974722 -0.241681 0.970356 -0.259858 0.965647 -0.277943 0.960598 -0.295929 0.95521 -0.313812 0.949485 -0.331584 0.943426 -0.349239 0.937034 -0.366771 0.930311 -0.384173 0.923261 -0.401441 0.915885 -0.418566 0.908186 -0.435544 0.900167 -0.452369 0.891831 -0.469034 0.88318 -0.485533 0.874218 -0.501862 0.864948 -0.518013 0.855373 
0.537266 0.843413 0.906274 0.42269 0.99146 -0.130409 0.766146 -0.642667 0.300894 -0.953658 -0.25859 -0.965987 -0.737091 -0.675794 -0.984753 -0.173959 -0.924015 0.382355 -0.5739 0.818926 -0.0440529 0.999029 0.49959 0.866262 0.886774 0.462203 0.996243 -0.0866056 0.793713 -0.608292 0.342613 -0.939477 -0.215785 -0.976441 -0.706605 -0.707609 -0.976134 -0.217171 -0.939962 0.341279 -0.609418 0.792849 -0.0880202 0.996119 0.460944 0.887429 0.865552 0.50082 0.999091 -0.0426342 0.81974 -0.572736 0.383667 -0.923471 -0.17256 -0.984999 -0.674746 -0.73805 
0.728736 -0.684795 -0.998069 -0.0621125 0.638209 0.769863 0.123985 -0.992284 -0.808018 0.589158 0.982667 0.185379 -0.537833 -0.843051 -0.246057 0.969255 0.87483 -0.48443 -0.952101 -0.305785 0.429157 0.90323 0.364332 -0.931269 -0.928142 0.372227 0.906842 0.421472 -0.313859 -0.94947 -0.476984 0.878912 0.967131 -0.254279 -0.847588 -0.530654 0.193717 0.981057 0.582276 -0.812991 -0.991195 0.132407 0.775255 0.631648 -0.0705857 -0.997506 -0.678582 0.734525 0.999964 -0.0084918 -0.690958 -0.722895 -0.0536348 0.998561 0.764416 -0.644723 -0.993301 -0.115554 
0.360732 -0.932669 -0.672888 0.739745 0.894432 -0.447205 -0.99553 0.0944441 0.96257 0.271035 -0.799988 -0.600016 0.52968 0.848198 -0.188044 -0.982161 -0.178914 0.983865 0.521779 -0.85308 -0.794381 0.607419 0.960011 -0.279963 -0.996364 -0.0851941 0.898546 0.438879 -0.679729 -0.733463 0.369379 0.929279 -0.00928745 -0.999957 -0.352054 0.93598 0.665988 -0.745962 -0.89024 0.455493 0.99461 -0.103686 -0.965045 -0.262083 0.805526 0.59256 -0.537535 -0.843242 0.197158 0.980372 0.169769 -0.985484 -0.513834 0.85789 0.788706 -0.614771 -0.957369 0.288867 
0.479465 0.877561 0.84152 0.540226 0.997505 0.0706014 0.909222 -0.416312 0.59829 -0.801279 0.14085 -0.990031 -0.351081 -0.936345 -0.75704 -0.653369 -0.977616 -0.210397 -0.958795 0.284097 -0.705186 0.709022 -0.278893 0.960322 0.215696 0.976461 0.657465 0.753485 0.938236 0.345997 0.989252 -0.146218 0.798022 -0.602628 0.411374 -0.911467 -0.0760109 -0.997107 -0.544782 -0.838577 -0.880149 -0.474698 -0.999985 0.00542413 -0.874947 0.484218 -0.535653 0.844438 -0.0651898 0.997873 0.421238 0.90695 0.804513 0.593935 0.99078 0.135478 0.934427 -0.356154 
0.806836 -0.590775 -0.953317 -0.30197 0.319555 0.947568 0.575747 -0.817628 -0.999829 0.0185004 0.6056 0.795769 0.284282 -0.958741 -0.941494 0.337031 0.82814 0.560522 -0.0369944 -0.999315 -0.784429 0.620219 0.963836 0.266496 -0.354391 -0.935097 -0.545105 0.838368 0.99846 -0.0554757 -0.634625 -0.77282 -0.248619 0.968601 0.928381 -0.37163 -0.848309 -0.529502 0.0739381 0.997263 0.760947 -0.648814 -0.973035 -0.230657 0.388742 0.921347 0.513717 -0.85796 -0.995724 0.0923752 0.66278 0.748814 0.212616 -0.977136 -0.913997 0.405721 0.867317 0.497757 
0.747435 0.664335 0.993094 -0.117319 0.572059 -0.820212 -0.233017 -0.972473 -0.881661 -0.471882 -0.93842 0.345497 -0.365188 0.930934 0.453205 0.891406 0.967348 0.253451 0.832081 -0.554654 0.138213 -0.990403 -0.648442 -0.761264 -0.999778 -0.0210655 -0.679932 0.733275 0.0963725 0.995345 0.80798 0.58921 0.977166 -0.21248 0.49035 -0.871525 -0.325652 -0.94549 -0.923034 -0.384718 -0.900755 0.434327 -0.273772 0.961795 0.537003 0.843581 0.987271 0.159045 0.774755 -0.632262 0.0421216 -0.999112 -0.718789 -0.695228 -0.997155 0.0753837 -0.6061 0.795388 
-0.0750161 0.997182 -0.14961 0.988745 -0.22336 0.974736 -0.295851 0.955234 -0.366676 0.930349 -0.435434 0.900221 -0.501738 0.86502 -0.565215 0.824944 -0.625506 0.780219 -0.682273 0.731098 -0.735194 0.677856 -0.783973 0.620795 -0.828334 0.560235 -0.868026 0.496518 -0.902827 0.430003 -0.932541 0.361065 -0.956999 0.290092 -0.976064 0.217484 -0.989628 0.143651 -0.997616 0.0690081 -0.999982 -0.00602363 -0.996712 -0.0810214 -0.987826 -0.155563 -0.973373 -0.229227 -0.953435 -0.3016 -0.928123 -0.372273 -0.897582 -0.440848 -0.861982 -0.506939 -0.821524 -0.570173 
-0.965109 0.261849 -0.505425 -0.862871 0.700419 -0.713731 0.872232 0.489092 -0.243634 0.969867 -0.999823 0.0188252 -0.27997 -0.960009 0.853203 -0.521579 0.72679 0.686859 -0.472585 0.881285 -0.974282 -0.225333 -0.0376437 -0.999291 0.954568 -0.297993 0.537548 0.843233 -0.673056 0.739592 -0.890025 -0.455911 0.206952 -0.978351 0.998405 -0.0564488 0.31591 0.948789 -0.832964 0.553327 -0.752131 -0.659013 0.439075 -0.89845 0.982074 0.188498 0.0752339 0.997166 -0.942674 0.333715 -0.56891 -0.8224 0.644738 -0.764404 0.906557 0.422084 -0.169976 0.985448 
0.747547 0.664209 0.993055 -0.117652 0.571646 -0.820501 -0.23367 -0.972316 -0.882058 -0.471142 -0.938071 0.346443 -0.364093 0.931362 0.454403 0.890796 0.96773 0.251988 0.831148 -0.556051 0.136382 -0.990656 -0.649976 -0.759955 -0.999822 -0.0188817 -0.678206 0.734872 0.0988808 0.995099 0.809561 0.587036 0.976555 -0.21527 0.487712 -0.873004 -0.328669 -0.944445 -0.924322 -0.381614 -0.899217 0.437502 -0.270215 0.9628 0.540259 0.841499 0.987905 0.155063 0.772092 -0.635511 0.0377566 -0.999287 -0.721935 -0.69196 -0.996789 0.080074 -0.602217 0.798332 
-0.987786 -0.155815 0.307823 -0.951444 0.891859 0.452313 -0.585753 0.81049 -0.709322 -0.704885 0.806799 -0.590827 0.457899 0.889004 -0.949493 0.313787 -0.162009 -0.986789 0.99998 -0.00627413 -0.149614 0.988744 -0.953356 -0.301848 0.446708 -0.89468 0.814149 0.580656 -0.700421 0.71373 -0.595877 -0.803076 0.886114 -0.463468 0.319738 0.947506 -0.985753 0.168197 -0.012548 -0.999921 0.989664 0.143408 -0.29586 0.955231 -0.897465 -0.441086 0.575537 -0.817776 0.718111 0.695929 -0.799321 0.600904 -0.469019 -0.883188 0.945481 -0.325676 0.174379 0.984679 
-0.975728 -0.218986 0.427341 -0.90409 0.788565 0.614952 -0.77271 0.634759 -0.450139 -0.892958 0.969859 -0.243668 0.0253685 0.999678 -0.980969 -0.194163 0.404268 -0.91464 0.803911 0.594749 -0.756359 0.654157 -0.472647 -0.881252 0.963365 -0.268194 0.0507207 0.998713 -0.985579 -0.169214 0.380935 -0.924602 0.81874 0.574164 -0.73952 0.673134 -0.494851 -0.868978 0.956251 -0.292546 0.0760402 0.997105 -0.989555 -0.144157 0.357357 -0.933968 0.833043 0.553209 -0.722206 0.691678 -0.516737 -0.856144 0.948522 -0.316711 0.101311 0.994855 -0.992893 -0.119007 
0.68165 -0.731678 -0.997497 0.0707065 0.778044 0.628209 -0.141059 -0.990001 -0.571624 0.820515 0.97755 -0.210706 -0.858879 -0.512178 0.279297 0.960205 0.450168 -0.892944 -0.938053 0.346491 0.922539 0.385904 -0.41195 -0.911206 -0.319708 0.947516 0.879798 -0.475348 -0.96775 -0.251913 0.536365 0.843986 0.182856 -0.98314 -0.803949 0.594698 0.993608 0.112884 -0.650054 -0.759888 -0.0423467 0.999103 0.712023 -0.702156 -0.999597 0.0284024 0.750744 0.660594 -0.0990093 -0.995087 -0.605858 0.795573 0.985595 -0.169121 -0.83642 -0.548089 0.238385 0.971171 
-0.674129 -0.738614 0.995842 0.0911012 -0.796956 0.604037 0.181445 -0.983401 0.528921 0.848671 -0.962782 -0.270279 0.893327 -0.449407 -0.356866 0.934156 -0.366155 -0.930554 0.89776 0.440485 -0.960041 0.279858 0.52044 -0.853898 0.191233 0.981545 -0.802935 -0.596067 0.994885 -0.101018 -0.666736 0.745294 -0.00996283 -0.99995 0.681454 0.731861 -0.9967 -0.0811753 0.790899 -0.611947 -0.171638 0.98516 -0.53735 -0.843359 0.965427 0.260674 -0.888805 0.458285 0.347541 -0.937665 0.375408 0.92686 -0.902104 -0.431518 0.957206 -0.289409 -0.511907 0.859041 
0.202836 0.979213 0.39724 0.917715 0.575129 0.818063 0.729106 0.684401 0.852771 0.522284 0.940983 0.338454 0.990073 0.140553 0.998001 -0.0631915 0.964438 -0.264309 0.890778 -0.454438 0.780085 -0.625674 0.636959 -0.770897 0.467353 -0.884071 0.278316 -0.96049 0.077708 -0.996976 -0.12613 -0.992014 -0.324725 -0.945808 -0.509819 -0.860281 -0.673718 -0.738988 -0.809607 -0.586972 -0.911837 -0.410553 -0.976157 -0.217065 -0.999894 -0.0145522 -0.982061 0.188565 -0.923398 0.383843 -0.826346 0.563163 -0.694938 0.719069 -0.534639 0.845081 -0.352112 0.935958 
0.565678 -0.824626 -0.932946 0.360017 0.972985 0.230868 -0.671752 -0.740776 0.134904 0.990859 0.449262 -0.8934 -0.87585 0.482583 0.995236 0.0974984 -0.765545 -0.643383 0.267341 0.963602 0.324632 -0.94584 -0.802742 0.596327 0.999291 -0.0376537 -0.845341 -0.534227 0.39489 0.918728 0.194068 -0.980988 -0.714957 0.699169 0.985076 -0.172117 -0.909683 -0.415304 0.51522 0.857058 0.0599549 -0.998201 -0.614101 0.789228 0.952852 -0.303434 -0.957393 -0.288788 0.62613 0.779718 -0.075254 -0.997164 -0.502018 0.864857 0.903208 -0.429204 -0.9876 -0.156992 
0.431623 0.902054 0.778695 0.627402 0.973227 0.229848 0.977111 -0.212732 0.789586 -0.61364 0.447388 -0.89434 0.0175499 -0.999846 -0.415726 -0.90949 -0.767564 -0.640972 -0.969043 -0.246892 -0.980693 0.195551 -0.800234 0.599688 -0.463015 0.886351 -0.0350944 0.999384 0.3997 0.916646 0.756197 0.654344 0.964561 0.263861 0.983974 -0.17831 0.810635 -0.585552 0.478499 -0.878088 0.0526282 -0.998614 -0.383552 -0.923519 -0.744597 -0.667514 -0.959781 -0.280748 -0.986952 0.161014 -0.820787 0.571235 -0.493835 0.869555 -0.0701457 0.997537 0.367285 0.930108 
-0.811415 -0.584471 0.948497 -0.316787 -0.297323 0.954777 -0.600943 -0.799292 0.999791 -0.0204508 -0.567755 0.823198 -0.336118 -0.94182 0.960658 0.277735 -0.786835 0.617163 -0.0408931 -0.999164 0.834637 0.550801 -0.934749 0.355309 0.258031 -0.966137 0.633126 0.774049 -0.998118 0.0613183 0.533617 -0.845726 0.374351 0.927287 -0.971212 -0.238218 0.760939 -0.648823 0.0817179 0.996656 -0.856462 -0.516209 0.919437 -0.393237 -0.218307 0.97588 -0.66425 -0.747511 0.994776 -0.102083 -0.498586 0.86684 -0.411958 -0.911203 0.980141 0.198303 -0.73377 0.679398 
-0.553701 0.832715 -0.922151 0.386829 -0.982077 -0.188478 -0.71343 -0.700726 -0.206091 -0.978533 0.3702 -0.928952 0.822633 -0.568573 0.999839 -0.0179659 0.842529 0.538652 0.403334 0.915053 -0.170803 0.985305 -0.687796 0.725904 -0.974672 0.223638 -0.935453 -0.35345 -0.58326 -0.812285 -0.0359261 -0.999354 0.523428 -0.85207 0.907659 -0.419709 0.988215 0.153074 0.738144 0.674643 0.241113 0.970497 -0.336587 0.941652 -0.801675 0.59776 -0.998548 0.0538746 -0.861336 -0.508035 -0.435948 -0.899972 0.135295 -0.990805 0.661273 -0.750146 0.966009 -0.25851 
-0.533297 0.845928 -0.902262 0.431188 -0.9932 -0.11642 -0.778089 -0.628154 -0.323214 -0.946326 0.231258 -0.972893 0.714468 -0.699668 0.97752 -0.210844 0.939354 0.34295 0.611731 0.791066 0.0956074 0.995419 -0.449977 0.89304 -0.856904 0.515475 -0.999781 -0.0209298 -0.834581 -0.550886 -0.412209 -0.911089 0.137182 -0.990546 0.644302 -0.764771 0.952883 -0.303337 0.967839 0.251569 0.684561 0.728956 0.190339 0.981718 -0.362535 0.93197 -0.803696 0.595041 -0.997202 0.0747525 -0.883426 -0.46857 -0.497428 -0.867505 0.0418505 -0.999124 0.568233 -0.822868 
0.187128 0.982336 0.367645 0.929966 0.535173 0.844742 0.683795 0.729675 0.808258 0.588828 0.904167 0.427179 0.968133 0.250438 0.997895 0.0648499 0.992403 -0.12303 0.95185 -0.306563 0.87767 -0.479265 0.772483 -0.635036 0.640004 -0.768371 0.484915 -0.874561 0.312695 -0.949854 0.129427 -0.991589 -0.0584134 -0.998292 -0.24419 -0.969727 -0.42134 -0.906903 -0.583604 -0.812039 -0.72525 -0.688486 -0.841274 -0.54061 -0.927576 -0.373634 -0.981108 -0.193459 -0.999979 -0.00644878 -0.983522 0.180789 -0.932318 0.36164 -0.848176 0.529715 -0.734069 0.679075 
0.998905 -0.0467768 -0.0934511 -0.995624 -0.990163 0.139921 0.186084 0.982534 0.972754 -0.23184 -0.277089 -0.960844 -0.946831 0.321731 0.365668 0.930745 0.912622 -0.408805 -0.451047 -0.8925 -0.870425 0.492302 0.532478 0.846444 0.820609 -0.571489 -0.609249 -0.792979 -0.763612 0.645675 0.680688 0.732574 0.699931 -0.71421 -0.746169 -0.665757 -0.630125 0.776494 0.805119 0.593113 0.554803 -0.831982 -0.857023 -0.515278 -0.474625 0.880188 0.901426 0.432933 0.390294 -0.92069 -0.937939 -0.3468 -0.302546 0.953135 0.966243 0.257631 0.212151 -0.977237 
-0.999209 -0.0397677 0.0794725 -0.996837 0.992888 0.119052 -0.158442 0.987368 -0.980286 -0.197582 0.23641 -0.971653 0.961483 0.274863 -0.312882 0.949792 -0.936598 -0.350405 0.387375 -0.921922 0.905788 0.423731 -0.459417 0.888221 -0.869248 -0.494376 0.528553 -0.8489 0.82721 0.561894 -0.594345 0.80421 -0.779938 -0.625857 0.656378 -0.754432 0.727733 0.685861 -0.714259 0.699882 -0.670924 -0.741526 0.767621 -0.640904 0.609871 0.792501 -0.816127 0.577872 -0.54496 -0.838462 0.859471 -0.511185 0.476601 0.87912 -0.897377 0.441264 -0.405228 -0.914216 
-0.233942 0.97225 -0.454901 0.890542 -0.650613 0.759409 -0.810217 0.58613 -0.924855 0.380321 -0.988163 0.153405 -0.99663 -0.0820257 -0.949785 -0.312904 -0.850227 -0.526416 -0.703483 -0.710712 -0.517696 -0.855565 -0.303178 -0.952934 -0.0718329 -0.997417 0.163498 -0.986544 0.389756 -0.920918 0.594382 -0.804183 0.766021 -0.642816 0.895146 -0.445773 0.974591 -0.223991 0.999948 0.010223 0.969808 0.243869 0.885845 0.463981 0.752718 0.658343 0.577816 0.816167 0.370846 0.928694 0.143295 0.98968 -0.0922099 0.99574 -0.322597 0.946536 -0.53508 0.844801 
-0.224386 0.9745 -0.437329 0.899302 -0.627968 0.778239 -0.786581 0.617486 -0.905079 0.425243 -0.977419 0.211312 -0.99991 -0.0133963 -0.971407 -0.237421 -0.893362 -0.449337 -0.769757 -0.638337 -0.606894 -0.794783 -0.41308 -0.910695 -0.198199 -0.980162 0.0267901 -0.999641 0.250413 -0.968139 0.461265 -0.887263 0.648592 -0.761136 0.802842 -0.596192 0.916147 -0.400843 0.982729 -0.185051 0.999192 0.0401792 0.964698 0.26336 0.881004 0.473109 0.752379 0.65873 0.585384 0.810756 0.388534 0.921434 0.171869 0.98512 -0.053561 0.998565 -0.276259 0.961083 
-0.274019 0.961724 -0.527061 0.849827 -0.739756 0.672875 -0.895822 0.444413 -0.983311 0.181931 -0.995527 -0.0944785 -0.931534 -0.363655 -0.79623 -0.604994 -0.599974 -0.800019 -0.357789 -0.933802 -0.0882152 -0.996101 0.188112 -0.982148 0.450039 -0.893009 0.677514 -0.73551 0.853126 -0.521706 0.963429 -0.267965 0.99998 0.00628955 0.959982 0.280062 0.846496 0.532396 0.668209 0.743974 0.43877 0.898599 0.175743 0.984436 -0.100738 0.994913 -0.369507 0.929228 -0.60999 0.792409 -0.803777 0.59493 -0.936034 0.351909 -0.996637 0.0819485 -0.980945 -0.194285 
-0.839811 -0.542879 0.911832 -0.410564 -0.150219 0.988653 -0.74873 -0.662875 0.96316 -0.26893 -0.297029 0.954868 -0.640658 -0.767827 0.992629 -0.121194 -0.437098 0.899414 -0.518046 -0.855353 0.999571 0.0292933 -0.567247 0.823547 -0.383677 -0.923467 0.983828 0.179116 -0.684523 0.728991 -0.240601 -0.970624 0.945758 0.324873 -0.786264 0.617891 -0.0920644 -0.995753 0.886224 0.463257 -0.870161 0.492767 0.0585614 -0.998284 0.806578 0.591128 -0.93431 0.356461 0.207858 -0.978159 0.708626 0.705584 -0.977256 0.212065 0.352438 -0.935835 0.594593 0.804027 
0.381158 -0.92451 -0.704769 0.709436 0.921974 -0.387252 -0.999978 0.00660004 0.927005 0.375048 -0.714072 -0.700072 0.393329 0.919398 -0.0131998 -0.999913 -0.368922 0.92946 0.695344 -0.718677 -0.916782 0.399388 0.999804 -0.019799 -0.931875 -0.362779 0.723251 0.690585 -0.40543 -0.914126 0.0263973 0.999652 0.356621 -0.934249 -0.685797 0.727793 0.91143 -0.411455 -0.999456 0.0329945 0.936582 0.350447 -0.732304 -0.680978 0.417461 0.908695 -0.0395902 -0.999216 -0.344258 0.938875 0.67613 -0.736782 -0.90592 0.42345 0.998933 -0.0461842 -0.941127 -0.338054 
-0.999773 -0.0213043 0.0425989 -0.999092 0.997958 0.0638742 -0.0851205 0.996371 -0.994331 -0.106328 0.127488 -0.99184 0.988899 0.148589 -0.169623 0.985509 -0.981672 -0.19058 0.211451 -0.977389 0.972662 0.232225 -0.252894 0.967494 -0.961887 -0.273449 0.293879 -0.955843 0.949365 0.314176 -0.33433 0.942456 -0.935119 -0.354333 0.374174 -0.927358 0.919176 0.393846 -0.413339 0.910577 -0.901565 -0.432644 0.451753 -0.892143 0.882316 0.470657 -0.489348 0.872089 -0.861466 -0.507816 0.526053 -0.850451 0.839051 0.544052 -0.561804 0.82727 -0.815114 -0.579301 
-0.603183 0.797603 -0.962201 0.27234 -0.931725 -0.363164 -0.524092 -0.851662 0.0956909 -0.995411 0.676739 -0.736223 0.983846 -0.179017 0.892698 0.450655 0.440191 0.897904 -0.190504 0.981687 -0.744083 0.668087 -0.996462 0.08405 -0.845478 -0.53401 -0.352249 -0.935906 0.283568 -0.958952 0.804598 -0.59382 0.999932 0.011688 0.790498 0.612464 0.261075 0.965318 -0.374029 0.927417 -0.857729 0.514102 -0.994225 -0.107319 -0.728263 -0.685297 -0.167505 -0.985871 0.461058 -0.88737 0.902988 -0.429666 0.979393 0.201964 0.659345 0.751841 0.0723976 0.997376 
-0.385573 -0.922677 0.711519 0.702667 -0.927432 -0.373992 0.999922 -0.0125187 -0.917778 0.397094 0.693704 -0.72026 -0.362353 0.932041 -0.0250354 -0.999687 0.408552 0.912735 -0.728888 -0.684633 0.936504 0.350656 -0.999295 0.0375482 0.907549 -0.419946 -0.675455 0.737401 0.338905 -0.940821 0.0500552 0.998746 -0.431275 -0.902221 0.745799 0.666171 -0.94499 -0.327101 0.998042 -0.0625543 -0.896751 0.442535 0.656782 -0.75408 -0.315245 0.94901 -0.0750435 -0.99718 0.453727 0.891141 -0.762243 -0.647291 0.952882 0.30334 -0.996163 0.0875211 0.885391 -0.464847 
-0.999197 -0.0400719 0.0800795 -0.996788 0.992779 0.119958 -0.159645 0.987175 -0.979984 -0.199074 0.238184 -0.97122 0.960895 0.276912 -0.315194 0.949027 -0.935634 -0.352971 0.39018 -0.920739 0.904364 0.426762 -0.462659 0.886536 -0.867285 -0.497813 0.532167 -0.84664 0.824635 0.565666 -0.598256 0.801305 -0.776688 -0.629885 0.660503 -0.750824 0.723753 0.690059 -0.718507 0.69552 -0.666169 -0.745801 0.771897 -0.635748 0.604306 0.796752 -0.820328 0.571893 -0.538562 -0.842586 0.86349 -0.504365 0.469358 0.883008 -0.901107 0.433598 -0.39714 -0.917758 
0.923207 0.384303 0.709583 -0.704622 -0.377817 -0.92588 -0.999975 -0.00701529 -0.39077 0.920488 0.699627 0.714508 0.928508 -0.371313 0.0140302 -0.999902 -0.917724 -0.397218 -0.719399 0.694597 0.36479 0.93109 0.999779 0.0210445 0.403647 -0.914915 -0.689533 -0.724254 -0.933626 0.358249 -0.0280577 0.999606 0.912061 0.410055 0.729073 -0.684435 -0.35169 -0.936116 -0.999385 -0.0350696 -0.416443 0.909162 0.679304 0.733857 0.938561 -0.345115 0.0420797 -0.999114 -0.906218 -0.422811 -0.738604 0.674139 0.338522 0.940959 0.998794 0.0490877 0.429158 -0.903229 
-0.40835 0.912826 -0.745504 0.666501 -0.952681 0.303972 -0.993758 -0.111553 -0.861575 -0.50763 -0.579177 -0.815202 -0.1958 -0.980644 0.221714 -0.975112 0.600573 -0.79957 0.874723 -0.484624 0.996365 -0.0851843 0.944293 0.329107 0.727583 0.686019 0.384021 0.923324 -0.0264952 0.999649 -0.432392 0.901686 -0.762902 0.646515 -0.9604 0.278624 -0.990454 -0.137844 -0.847823 -0.530279 -0.557375 -0.830261 -0.169749 -0.985487 0.247472 -0.968895 0.621547 -0.783377 0.887256 -0.461278 0.998272 -0.0587555 0.935241 0.354011 0.709152 0.705056 0.359422 0.933175 
0.661858 -0.749629 -0.992296 0.123888 0.82585 0.563889 -0.245867 -0.969304 -0.457233 0.889347 0.931377 -0.364057 -0.939141 -0.343531 0.476639 0.879099 0.224537 -0.974466 -0.813277 0.581877 0.994776 0.102082 -0.678149 -0.734925 0.0219445 0.999759 0.645249 -0.763973 -0.989339 0.145633 0.838026 0.545631 -0.267078 -0.963675 -0.437606 0.899167 0.923163 -0.384408 -0.946454 -0.322839 0.495815 0.868428 0.203098 -0.979158 -0.800312 0.599583 0.996777 0.0802281 -0.694113 -0.719866 0.0438783 0.999037 0.628328 -0.777948 -0.985905 0.167309 0.849797 0.527109 
0.207058 -0.978329 -0.405142 0.914254 0.585665 -0.810553 -0.740804 0.671721 0.863835 -0.503774 -0.949425 0.313993 0.993865 -0.110602 -0.995227 -0.0975825 0.953454 0.301538 -0.870356 -0.492423 0.749534 0.661966 -0.596225 -0.802817 0.417075 0.908872 -0.219847 -0.975534 0.0130903 0.999914 0.194234 -0.980955 -0.393139 0.919479 0.575005 -0.81815 -0.731948 0.68136 0.857167 -0.515039 -0.945234 0.326394 0.992332 -0.123602 -0.99642 -0.0845464 0.95732 0.289031 -0.876727 -0.480988 0.758135 0.652098 -0.606683 -0.794944 0.428936 0.903335 -0.232598 -0.972573 
0.102605 -0.994722 -0.204128 0.978944 0.303495 -0.952833 -0.399659 0.916664 0.491604 -0.870819 -0.57836 0.815781 0.659011 -0.752133 -0.732706 0.680545 0.798666 -0.601774 -0.856196 0.51665 0.904689 -0.426073 -0.943631 0.330999 0.972613 -0.23243 -0.991328 0.131408 0.999579 -0.0289991 -0.997279 -0.0737162 0.984452 0.175653 -0.961233 -0.275736 0.927868 0.372909 -0.884709 -0.466145 0.83221 0.55446 -0.770927 -0.636923 0.701507 0.712663 -0.624681 -0.78088 0.541262 0.840854 -0.452129 -0.891952 0.358224 0.933636 -0.260537 -0.965464 0.160101 0.987101 
-0.120604 -0.992701 0.239447 0.970909 -0.354795 -0.934944 0.464963 0.88533 -0.568343 -0.822792 0.663426 0.748242 -0.748825 -0.662768 0.823291 0.567619 -0.885739 -0.464184 0.935256 0.353972 -0.97112 -0.238593 0.992806 0.119731 -1 0.000879163 0.992594 -0.121477 -0.970699 0.2403 0.934632 -0.355616 -0.884921 0.465741 0.822292 -0.569066 -0.747658 0.664084 0.66211 -0.749407 -0.566895 0.82379 0.463405 -0.886146 -0.35315 0.935567 0.237739 -0.971329 -0.118858 0.992911 -0.00175833 -0.999998 0.122349 0.992487 -0.241154 -0.970487 0.356438 0.934319 
0.279865 -0.960039 -0.537363 0.843351 0.751914 -0.659261 -0.906371 0.422482 0.98839 -0.151938 -0.991415 -0.130749 0.915206 0.402987 -0.765852 -0.643017 0.55529 0.831657 -0.300348 -0.95383 0.0214029 0.999771 0.259253 -0.965809 -0.51919 0.854659 0.737632 -0.675203 -0.897121 0.441785 0.984912 -0.173058 -0.993987 -0.1095 0.923621 0.383306 -0.779439 -0.626478 0.572963 0.819582 -0.320694 -0.947183 0.0427959 0.999084 0.238523 -0.971137 -0.500778 0.865575 0.723011 -0.690836 -0.88746 0.460884 0.980982 -0.194098 -0.996103 -0.0882007 0.931614 0.36345 
0.986882 -0.161441 -0.318647 -0.947873 -0.883997 0.467493 0.604075 0.796928 0.688951 -0.724808 -0.826525 -0.5629 -0.42208 0.906558 0.962808 0.270187 0.111206 -0.993797 -0.998714 0.0506927 0.211262 0.97743 0.930502 -0.366288 -0.511705 -0.859161 -0.765281 0.643696 0.758801 0.651323 0.520277 -0.853997 -0.926789 -0.375582 -0.221033 0.975266 0.998157 0.060685 -0.101255 -0.994861 -0.965463 0.260538 0.412987 0.910737 0.832117 -0.5546 -0.681663 -0.731666 -0.61202 0.790842 0.879274 0.476317 0.328118 -0.944637 -0.985217 -0.17131 -0.0100077 0.99995 
-0.795418 0.606061 -0.964144 -0.265379 -0.373243 -0.927734 0.511728 -0.859148 0.99352 -0.113659 0.69254 0.721379 -0.154076 0.988059 -0.879299 0.47627 -0.911743 -0.410762 -0.225845 -0.974163 0.637991 -0.770044 0.999168 0.0407757 0.573124 0.819469 -0.304472 0.952521 -0.942181 0.335104 -0.837567 -0.546334 -0.0730529 -0.997328 0.749018 -0.66255 0.980955 0.194237 0.440019 0.897988 -0.447597 0.894235 -0.982562 0.185935 -0.743389 -0.66886 0.0814837 -0.996675 0.842157 -0.539232 0.939314 0.343059 0.296407 0.955062 -0.580032 0.814593 -0.999477 0.0323253 
0.684753 -0.728775 -0.998062 0.0622258 0.769972 0.638078 -0.12421 -0.992256 -0.588929 0.808185 0.982604 -0.185714 -0.843265 -0.537498 0.246497 0.969144 0.483983 -0.875077 -0.951927 0.306325 0.903498 0.428593 -0.364966 -0.931021 -0.371541 0.928416 0.906506 -0.422192 -0.949737 -0.31305 0.477782 0.878478 0.253345 -0.967376 -0.847045 0.53152 0.981266 0.192658 -0.583199 -0.81233 -0.131225 0.991353 0.774465 -0.632616 -0.997597 -0.0692829 0.679582 0.7336 0.00707232 -0.999975 -0.68989 0.723914 0.998477 -0.0551657 -0.76544 -0.643507 0.11719 0.99311 
0.931317 0.364209 0.678388 -0.734704 -0.437167 -0.89938 -0.996829 0.0795785 -0.288941 0.957347 0.786359 0.61777 0.861739 -0.507352 -0.158652 -0.987335 -0.977304 -0.211841 -0.553234 0.833026 0.574319 0.818632 0.971578 -0.23672 0.133396 -0.991063 -0.87441 -0.485188 -0.770332 0.637643 0.313286 0.949659 0.998535 0.0541059 0.414065 -0.910247 -0.696922 -0.717146 -0.921716 0.387865 0.0255276 0.999674 0.940311 0.340316 0.659412 -0.751782 -0.459983 -0.887928 -0.994472 0.104999 -0.264408 0.964411 0.801873 0.597495 0.848507 -0.529185 -0.183805 -0.982963 
0.995112 0.0987544 0.196543 -0.980495 -0.956293 -0.292411 -0.38542 0.922741 0.880169 0.47466 0.559261 -0.828992 -0.76971 -0.638394 -0.711285 0.702903 0.629225 0.777223 0.835563 -0.549395 -0.464194 -0.885734 -0.927245 0.374455 0.281055 0.959692 0.982756 -0.184907 -0.0869519 -0.996213 -0.99993 -0.0118535 -0.110543 0.993871 0.978097 0.208152 0.303726 -0.95276 -0.918108 -0.39633 -0.48506 0.874481 0.822304 0.569048 0.647473 -0.762089 -0.694423 -0.719567 -0.784627 0.619968 0.539452 0.842016 0.891174 -0.453662 -0.363437 -0.931619 -0.962956 0.269659 
0.946482 0.322756 0.610966 -0.791657 -0.552096 -0.83378 -0.967351 0.253441 -0.0723408 0.99738 0.920654 0.39038 0.666634 -0.745385 -0.490333 -0.871535 -0.98315 0.182798 -0.144302 0.989534 0.890001 0.455958 0.718809 -0.695207 -0.426001 -0.904723 -0.993798 0.111198 -0.215508 0.976502 0.854685 0.519147 0.767218 -0.641387 -0.359437 -0.93317 -0.999239 0.0390141 -0.285584 0.958354 0.81489 0.579615 0.811606 -0.584205 -0.290989 -0.956726 -0.999443 -0.0333738 -0.354164 0.935183 0.770826 0.637046 0.851742 -0.523962 -0.221016 -0.97527 -0.99441 -0.105587 
0.464163 -0.88575 -0.822264 0.569106 0.992478 -0.122421 -0.935911 -0.352237 0.665488 0.746409 -0.243001 -0.970026 -0.235012 0.971992 0.659325 -0.751858 -0.932981 0.359925 0.993452 0.114252 -0.826918 -0.562322 0.471434 0.881901 -0.00822702 -0.999966 -0.45686 0.889539 0.817554 -0.575851 -0.991437 0.130582 0.938777 0.344525 -0.671606 -0.740908 0.250973 0.967994 0.227008 -0.973893 -0.653117 0.757257 0.929989 -0.367588 -0.994358 -0.106075 0.831517 0.5555 -0.478674 -0.877993 0.0164535 0.999865 0.449526 -0.893267 -0.812789 0.582558 0.99033 -0.138734 
-0.764732 -0.644348 0.985508 -0.16963 -0.505289 0.86295 -0.334344 -0.942451 0.936157 0.351583 -0.872078 0.489367 0.187688 -0.982229 0.630205 0.776428 -0.999832 -0.0183521 0.658274 -0.752778 0.151515 0.988455 -0.853532 -0.521041 0.948428 -0.316992 -0.368705 0.929547 -0.47328 -0.880912 0.978619 0.205682 -0.787863 0.61585 0.0366981 -0.999326 0.740571 0.671979 -0.991069 0.13335 0.536617 -0.843826 0.299532 0.954086 -0.922623 -0.385702 0.88945 -0.457033 -0.223607 0.974679 -0.601287 -0.799033 0.998485 0.0550317 -0.685456 0.728114 -0.115139 -0.993349 
0.993087 -0.11738 -0.233138 -0.972444 -0.938355 0.345672 0.453427 0.891293 0.831909 -0.554913 -0.648726 -0.761022 -0.679613 0.733571 0.808273 0.588808 0.489862 -0.8718 -0.923273 -0.384144 -0.273114 0.961982 0.98739 0.158308 0.0413135 -0.999146 -0.997089 0.0762523 0.192764 0.981245 0.951835 -0.30661 -0.416217 -0.909265 -0.854124 0.52007 0.616732 0.787173 0.709339 -0.704867 -0.783257 -0.621698 -0.525461 0.850818 0.906615 0.421959 0.312624 -0.949877 -0.980007 -0.198965 -0.0825564 0.996586 0.999388 -0.034994 -0.152061 -0.988371 -0.96369 0.267025 
0.447421 0.894324 0.800278 0.599629 0.983994 0.178202 0.95974 -0.280889 0.732643 -0.680613 0.350699 -0.936488 -0.105366 -0.994434 -0.539161 -0.842203 -0.859003 -0.51197 -0.997293 -0.073531 -0.924802 0.380449 -0.656851 0.75402 -0.250074 0.968227 0.209558 0.977796 0.624899 0.780706 0.908166 0.418611 0.999489 -0.0319586 0.879568 -0.475773 0.573747 -0.819032 0.146664 -0.989186 -0.311418 -0.950273 -0.70368 -0.710517 -0.947218 -0.320591 -0.990558 0.137092 -0.824542 0.565801 -0.484256 0.874926 -0.0416213 0.999133 0.40981 0.912171 0.774627 0.632418 
-0.99954 -0.0303322 0.0606364 -0.99816 0.995861 0.0908849 -0.12105 0.992646 -0.988518 -0.151103 0.181018 -0.98348 0.977537 0.210765 -0.240319 0.970694 -0.962958 -0.269652 0.298736 -0.954336 0.944835 0.327546 -0.356054 0.934465 -0.923235 -0.384235 0.412062 -0.911156 0.898238 0.439509 -0.466553 0.884493 -0.869935 -0.493167 0.519327 -0.854576 0.83843 0.545009 -0.570189 0.821513 -0.80384 -0.594845 0.618954 -0.785427 0.766292 0.642493 -0.665441 0.746451 -0.725923 -0.687776 0.709478 -0.704727 0.682883 0.730528 -0.750905 0.66041 -0.63733 -0.770591 
0.688197 -0.725523 -0.998607 0.0527686 0.760828 0.648954 -0.10539 -0.994431 -0.607902 0.794012 0.987484 -0.157718 -0.824984 -0.565156 0.209606 0.977786 0.520835 -0.853657 -0.965363 0.260911 0.879952 0.475063 -0.311488 -0.95025 -0.427968 0.903794 0.932489 -0.361197 -0.925118 -0.37968 0.4099 0.91213 0.330333 -0.943864 -0.88923 0.457461 0.959981 0.280067 -0.503747 -0.863851 -0.22902 0.973422 0.836066 -0.548629 -0.984151 -0.177335 0.591983 0.80595 0.125155 -0.992137 -0.773589 0.633687 0.997359 0.0726273 -0.673626 -0.739073 -0.0198969 0.999802 
0.60687 0.794801 0.964682 0.263417 0.92659 -0.376073 0.508227 -0.861223 -0.118711 -0.992929 -0.696931 -0.717138 -0.989131 -0.147035 -0.875394 0.483411 -0.402396 0.915466 0.235744 0.971815 0.777135 0.629333 0.999592 0.0285744 0.811817 -0.583912 0.290874 -0.956761 -0.349443 -0.936958 -0.846349 -0.532628 -0.995915 0.0902907 -0.73676 0.676155 -0.175239 0.984526 0.458199 0.888849 0.903594 0.428391 0.978155 -0.207879 0.651283 -0.758835 0.0571254 -0.998367 -0.560476 -0.828171 -0.948059 -0.318095 -0.94656 0.322527 -0.556595 0.830784 0.0617962 0.998089 
0.0164563 0.999865 0.0329081 0.999458 0.0493509 0.998781 0.0657805 0.997834 0.0821922 0.996616 0.0985816 0.995129 0.114944 0.993372 0.131276 0.991346 0.147572 0.989051 0.163828 0.986489 0.18004 0.983659 0.196203 0.980563 0.212313 0.977202 0.228365 0.973576 0.244356 0.969686 0.26028 0.965533 0.276134 0.961119 0.291913 0.956445 0.307613 0.951512 0.323229 0.946321 0.338758 0.940873 0.354196 0.935171 0.369537 0.929216 0.384779 0.923009 0.399916 0.916552 0.414945 0.909847 0.429861 0.902895 0.444661 0.895699 0.459341 0.88826 
0.697581 0.716505 0.999642 0.0267601 0.734916 -0.678158 0.0535011 -0.998568 -0.658249 -0.752801 -0.996778 -0.0802037 -0.770146 0.637868 -0.106849 0.994275 0.61703 0.786939 0.99106 0.133418 0.803169 -0.595751 0.159891 -0.987135 -0.574044 -0.818824 -0.982503 -0.186249 -0.833892 0.551927 -0.212475 0.977167 0.529414 0.848363 0.971131 0.238548 0.862227 -0.506522 0.26445 -0.964399 -0.483268 -0.875473 -0.956977 -0.290162 -0.888091 0.459667 -0.315667 0.94887 0.435737 0.900074 0.940083 0.340946 0.911412 -0.411495 0.365981 -0.930622 -0.386958 -0.922097 
0.404092 0.914718 0.739261 0.673419 0.948339 0.317259 0.995665 -0.0930144 0.873166 -0.487422 0.601737 -0.798694 0.227674 -0.973737 -0.185222 -0.982697 -0.566526 -0.824044 -0.851202 -0.524839 -0.990693 -0.136115 -0.961208 0.275824 -0.767776 0.640718 -0.443389 0.896329 -0.0433765 0.999059 0.364035 0.931385 0.709355 0.704852 0.933685 0.358096 0.998762 -0.0497384 0.893487 -0.449089 0.635816 -0.771841 0.269697 -0.962945 -0.142422 -0.989806 -0.530249 -0.847842 -0.827635 -0.561267 -0.983856 -0.17896 -0.972268 0.233871 -0.794846 0.606812 -0.481852 0.876253 
-0.208319 0.978061 -0.407498 0.913206 -0.588796 0.808282 -0.744259 0.667891 -0.867065 0.498195 -0.951826 0.306639 -0.994822 0.101628 -0.994168 -0.107842 -0.949891 -0.312581 -0.863935 -0.503603 -0.740071 -0.672529 -0.583734 -0.811945 -0.401783 -0.915735 -0.202203 -0.979344 0.00624879 -0.99998 0.214427 -0.97674 0.413196 -0.910642 0.593835 -0.804587 0.748418 -0.663228 0.870161 -0.492767 0.953723 -0.300685 0.995438 -0.0954095 0.993475 0.114053 0.947919 0.31851 0.860771 0.508992 0.735854 0.67714 0.578649 0.815577 0.396053 0.918228 0.19608 0.980588 
0.983792 -0.179313 -0.352813 -0.935694 -0.857265 0.514876 0.660249 0.751046 0.620482 -0.78422 -0.88277 -0.469805 -0.303899 0.952704 0.991756 0.128141 -0.05177 -0.998659 -0.97319 0.230003 0.400781 0.916174 0.82946 -0.558566 -0.698246 -0.715858 -0.579051 0.815291 0.905908 0.423474 0.25417 -0.96716 -0.99706 -0.0766262 0.103401 0.99464 0.959978 -0.280077 -0.447673 -0.894197 -0.799431 0.600758 0.734369 0.67875 0.536067 -0.844175 -0.926617 -0.376007 -0.203759 0.979021 0.99969 0.0249056 -0.154755 -0.987953 -0.944191 0.329399 0.493366 0.869822 
-0.4547 0.890645 -0.809952 0.586496 -0.988059 0.154075 -0.950067 -0.312045 -0.704286 -0.709916 -0.30447 -0.952522 0.161937 -0.986801 0.592927 -0.805256 0.894237 -0.447593 0.999968 0.0079627 0.886996 0.461777 0.580028 0.814596 0.146202 0.989255 -0.3196 0.947553 -0.715502 0.698611 -0.954916 0.296875 -0.98548 -0.16979 -0.800509 -0.59932 -0.440459 -0.897773 0.0159249 -0.999873 0.468826 -0.883291 0.819189 -0.573523 0.990388 -0.13832 0.944978 0.327135 0.692891 0.721042 0.289262 0.95725 -0.177631 0.984097 -0.605675 0.795712 -0.901252 0.433296 
-0.609739 -0.792602 0.966561 0.256436 -0.922457 0.386099 0.495722 -0.868481 0.136637 0.990621 -0.71232 -0.701855 0.992535 0.121963 -0.86105 0.50852 0.372406 -0.92807 0.270711 0.962661 -0.801538 -0.597943 0.99989 -0.0147985 -0.783492 0.621402 0.242104 -0.97025 0.399708 0.916643 -0.875722 -0.482815 0.988491 -0.151282 -0.691237 0.722628 0.107261 -0.994231 0.521206 0.853431 -0.933479 -0.358631 0.958549 -0.284928 -0.586016 0.810299 -0.0295937 -0.999562 0.632928 0.77421 -0.973727 -0.227719 0.910627 -0.413229 -0.469803 0.882771 -0.165893 -0.986144 
0.158313 0.987389 0.312633 0.949874 0.459068 0.888401 0.593924 0.804521 0.7138 0.70035 0.815673 0.578514 0.896972 0.442087 0.955649 0.294509 0.990222 0.139503 0.999819 -0.0190208 0.984199 -0.177065 0.943756 -0.330644 0.879509 -0.475883 0.793079 -0.609119 0.686646 -0.726992 0.562894 -0.826529 0.424945 -0.905219 0.276279 -0.961078 0.120643 -0.992696 -0.0380347 -0.999276 -0.195753 -0.980653 -0.348535 -0.937296 -0.492526 -0.870298 -0.624094 -0.781349 -0.739921 -0.672694 -0.837086 -0.547071 -0.913138 -0.407651 -0.966159 -0.257948 -0.994811 -0.10174 
0.136687 0.990614 0.270807 0.962634 0.399845 0.916583 0.521377 0.853327 0.633121 0.774052 0.732982 0.680248 0.819083 0.573675 0.889809 0.456333 0.943832 0.330425 0.980138 0.198314 0.998046 0.0624812 0.997219 -0.0745247 0.977673 -0.210132 0.939775 -0.341794 0.884236 -0.467041 0.812098 -0.583521 0.724717 -0.689047 0.623731 -0.781639 0.511038 -0.859558 0.388751 -0.921343 0.259167 -0.965832 0.124718 -0.992192 -0.0120717 -0.999927 -0.148635 -0.988892 -0.282408 -0.959294 -0.41088 -0.911689 -0.53164 -0.846971 -0.642419 -0.766353 -0.74114 -0.67135 
0.868199 0.496217 0.861629 -0.507538 -0.0130892 -0.999914 -0.874619 -0.48481 -0.854912 0.518773 0.0261762 0.999657 0.88089 0.47332 0.848049 -0.529918 -0.0392586 -0.999229 -0.88701 -0.46175 -0.84104 0.540973 0.0523344 0.99863 0.892978 0.4501 0.833887 -0.551935 -0.0654011 -0.997859 -0.898793 -0.438373 -0.826591 0.562803 0.0784567 0.996918 0.904454 0.426571 0.819154 -0.573574 -0.0914988 -0.995805 -0.90996 -0.414696 -0.811576 0.584247 0.104525 0.994522 0.91531 0.40275 0.803859 -0.59482 -0.117534 -0.993069 -0.920503 -0.390735 -0.796004 0.605291 
-0.194022 0.980997 -0.38067 0.924711 -0.55285 0.833281 -0.704019 0.710181 -0.828431 0.560091 -0.921358 0.388714 -0.979269 0.202564 -0.999962 0.00871528 -0.982651 -0.185465 -0.927994 -0.372596 -0.838068 -0.545567 -0.71629 -0.697803 -0.56729 -0.823518 -0.396729 -0.917936 -0.211091 -0.977466 -0.0174299 -0.999848 0.176894 -0.98423 0.364494 -0.931206 0.538242 -0.84279 0.691533 -0.722345 0.818543 -0.574445 0.914443 -0.404714 0.97559 -0.219602 0.999658 -0.0261432 0.985734 0.168309 0.934347 0.356365 0.847449 0.530876 0.728344 0.685212 0.581557 0.813505 
0.967071 0.254506 0.492251 -0.870453 -0.716509 -0.697578 -0.856963 0.515377 0.280304 0.959911 0.999642 -0.0267707 0.228526 -0.973538 -0.883319 -0.468772 -0.678146 0.734927 0.538134 0.842859 0.952063 -0.305901 -0.0535223 -0.998567 -0.979307 -0.202382 -0.444957 0.895552 0.752818 0.658229 0.828151 -0.560505 -0.331279 -0.943533 -0.996776 0.0802354 -0.176092 0.984374 0.907143 0.420823 0.637839 -0.77017 -0.582475 -0.812849 -0.934326 0.356419 0.106891 0.994271 0.988735 0.149677 0.396387 -0.918083 -0.786969 -0.616993 -0.796964 0.604026 0.381304 0.92445 
