0.5
-0.31831
0
-0.159155
0
-0.106103
0
-0.0795775
0
-0.063662
0
-0.0530516
0
-0.0454728
0
-0.0397887
0
-0.0353678
0
-0.031831
0
-0.0289373
0
-0.0265258
0
-0.0244854
0
-0.0227364
0
-0.0212207
0
-0.0198944
0
-0.0187241
0
-0.0176839
0
-0.0167532
0
-0.0159155
0
-0.0151576
0
-0.0144686
0
-0.0138396
0
-0.0132629
0
-0.0127324
0
-0.0122427
0
-0.0117893
0
-0.0113682
0
-0.0109762
0
-0.0106103
0
-0.0102681
0
-0.00994718
0
-0.00964575
0
-0.00936206
0
-0.00909457
0
-0.00884194
0
-0.00860297
0
-0.00837658
0
-0.00816179
0
-0.00795775
0
-0.00776366
0
-0.00757881
0
-0.00740256
0
-0.00723432
0
-0.00707355
0
-0.00691978
0
-0.00677255
0
-0.00663146
0
-0.00649612
0
-0.0063662
0
