1	0.305693	10.4077	10305	10315.4
2	0.305688	15.3464	10305.3	10320.7
3	0.296146	20.3365	10260.1	10280.4
4	0.296144	25.1892	10260.3	10285.5
5	0.14878	34.8735	9283.55	9318.42
6	0.148761	40.6496	9282.7	9323.35
7	0.0921387	50.9043	8635.48	8686.38
8	0.0920541	57.3047	8632.97	8690.28
9	0.0661543	67.3776	8218	8285.38
10	0.0661431	74.1654	8216.09	8290.25
11	0.0502449	84.2642	7909.35	7993.61
12	0.0502063	91.3509	7906.48	7997.83
13	0.0393096	101.4	7672.59	7773.99
14	0.0392796	108.706	7669.78	7778.49
15	0.0320489	118.407	7504.73	7623.14
16	0.0320174	125.872	7501.61	7627.48
17	0.0269249	135.195	7387.21	7522.4
18	0.0269153	142.758	7384.51	7527.27
19	0.0230765	151.935	7295.11	7447.05
20	0.0230715	159.579	7292.33	7451.91
21	0.020056	168.51	7226.92	7395.43
22	0.0200527	176.21	7224.2	7400.41
23	0.0176645	184.986	7173.62	7358.6
24	0.017655	192.736	7170.6	7363.34
25	0.0157298	201.334	7132.81	7334.15
26	0.0157196	209.113	7129.96	7339.07
27	0.0141074	217.592	7100.43	7318.02
28	0.0140899	225.404	7097.19	7322.6
29	0.0128089	233.759	7074.7	7308.46
30	0.012795	241.581	7071.76	7313.34
31	0.0116914	249.918	7051.69	7301.61
32	0.0116854	257.755	7048.75	7306.5
33	0.0107518	265.984	7033.52	7299.5
34	0.0107503	273.829	7030.68	7304.51
35	0.00995412	282.067	7016.2	7298.26
36	0.00994779	289.925	7013.24	7303.16
37	0.00929428	298.057	7002.62	7300.67
38	0.00928983	305.918	6999.74	7305.66
39	0.00867563	314.064	6989.29	7303.36
40	0.00867004	321.935	6986.33	7308.26
41	0.00818648	330.014	6978.1	7308.12
42	0.00818593	337.886	6975.23	7313.12
43	0.00769711	345.974	6967.09	7313.07
44	0.00768948	353.853	6964.15	7318.01
45	0.0073176	361.881	6957.75	7319.63
46	0.0073177	369.76	6954.87	7324.63
47	0.00694841	377.816	6948.06	7325.87
48	0.00694704	385.698	6945.17	7330.87
49	0.00667037	393.69	6939.93	7333.62
50	0.0066695	401.574	6937.03	7338.61
51	0.00634835	409.619	6930.82	7340.44
52	0.00634831	417.505	6927.94	7345.44
53	0.00613295	425.481	6923.27	7348.75
54	0.00612972	433.371	6920.32	7353.7
55	0.00587241	441.365	6915.4	7356.76
56	0.00587263	449.254	6912.5	7361.76
57	0.00568859	457.227	6908.06	7365.29
58	0.00568575	465.117	6905.16	7370.28
59	0.00548287	473.087	6900.83	7373.92
60	0.0054842	480.979	6897.92	7378.9
61	0.00532494	488.956	6893.53	7382.48
62	0.00532776	496.849	6890.62	7387.47
63	0.00516313	504.815	6886.48	7391.3
64	0.0051658	512.709	6883.56	7396.27
65	0.00503856	520.665	6879.63	7400.3
66	0.00504248	528.56	6876.71	7405.27
67	0.00492372	536.502	6873.04	7409.54
68	0.0049243	544.396	6870.13	7414.53
69	0.00481563	552.338	6866.5	7418.84
70	0.0048171	560.233	6863.59	7423.82
71	0.00472696	568.172	6860.02	7428.19
72	0.00472679	576.066	6857.11	7433.18
73	0.00463357	584.008	6853.52	7437.53
74	0.004635	591.904	6850.61	7442.51
75	0.00455925	599.836	6847.19	7447.02
76	0.00455857	607.732	6844.27	7452
77	0.00446609	615.682	6840.6	7456.28
78	0.00446591	623.578	6837.69	7461.27
79	0.00439959	631.498	6834.46	7465.96
80	0.00439753	639.395	6831.54	7470.94
81	0.00431233	647.337	6828.03	7475.36
82	0.00431214	655.234	6825.12	7480.36
83	0.00425667	663.156	6821.88	7485.04
84	0.00426146	671.053	6818.96	7490.02
85	0.00418803	678.993	6815.5	7494.5
86	0.004188	686.89	6812.6	7499.49
87	0.00414447	694.815	6809.34	7504.16
88	0.00414624	702.712	6806.43	7509.14
89	0.00409322	710.629	6803.29	7513.92
90	0.00409295	718.527	6800.37	7518.9
91	0.00406061	726.442	6797.24	7523.68
92	0.00406056	734.34	6794.33	7528.67
93	0.00402501	742.248	6791.29	7533.54
94	0.00402556	750.148	6788.36	7538.5
95	0.00399944	758.076	6785.09	7543.17
96	0.00399955	765.973	6782.18	7548.16
97	0.00397058	773.886	6779.11	7552.99
98	0.00397012	781.783	6776.2	7557.98
99	0.00394003	789.704	6773.02	7562.73
100	0.00393998	797.602	6770.11	7567.72
101	0.00391718	805.509	6767.1	7572.61
102	0.0039189	813.407	6764.18	7577.59
103	0.00389176	821.317	6761.14	7582.46
104	0.00389148	829.215	6758.23	7587.44
105	0.00387436	837.123	6755.21	7592.33
106	0.00387509	845.021	6752.29	7597.31
107	0.00384819	852.935	6749.22	7602.15
108	0.00384822	860.832	6746.31	7607.14
109	0.00383523	868.735	6743.35	7612.08
110	0.00383535	876.632	6740.44	7617.07
111	0.00380588	884.556	6737.26	7621.82
112	0.00380988	892.455	6734.34	7626.8
113	0.00379969	900.355	6731.4	7631.76
114	0.00379972	908.253	6728.49	7636.75
115	0.00377635	916.172	6725.37	7641.54
116	0.00377609	924.07	6722.46	7646.53
117	0.00376659	931.971	6719.52	7651.49
118	0.00376645	939.868	6716.61	7656.47
119	0.00374422	947.784	6713.52	7661.31
120	0.00374515	955.682	6710.61	7666.29
121	0.00373507	963.584	6707.66	7671.24
122	0.00373638	971.483	6704.74	7676.22
123	0.00371559	979.401	6701.64	7681.04
124	0.00371712	987.299	6698.73	7686.03
125	0.00370737	995.204	6695.75	7690.95
126	0.00370824	1003.1	6692.84	7695.94
127	0.00369607	1011	6689.89	7700.89
128	0.0036973	1018.9	6686.98	7705.88
129	0.0036861	1026.81	6683.93	7710.75
130	0.00368644	1034.71	6681.01	7715.72
131	0.00367956	1042.61	6678.09	7720.7
132	0.00368031	1050.51	6675.18	7725.69
133	0.00366736	1058.43	6672.11	7730.54
134	0.00366776	1066.32	6669.2	7735.52
135	0.00365862	1074.23	6666.24	7740.47
136	0.00366091	1082.13	6663.31	7745.43
137	0.00365079	1090.03	6660.34	7750.37
138	0.00365056	1097.93	6657.43	7755.36
139	0.00364183	1105.83	6654.47	7760.31
140	0.00364499	1113.74	6651.51	7765.24
141	0.00363684	1121.64	6648.57	7770.21
142	0.00363636	1129.54	6645.65	7775.19
143	0.00363113	1137.44	6642.72	7780.16
144	0.00363241	1145.34	6639.78	7785.12
145	0.00362211	1153.24	6636.8	7790.04
146	0.00362358	1161.14	6633.88	7795.03
147	0.00361983	1169.04	6630.96	7800
148	0.00361961	1176.94	6628.05	7804.99
149	0.0036124	1184.84	6625.11	7809.95
150	0.00361643	1192.74	6622.19	7814.93
151	0.00361124	1200.64	6619.25	7819.89
152	0.00361013	1208.54	6616.33	7824.87
153	0.00360422	1216.44	6613.38	7829.82
154	0.00360488	1224.34	6610.47	7834.81
155	0.00359859	1232.24	6607.51	7839.75
156	0.00359816	1240.14	6604.58	7844.73
157	0.0035922	1248.04	6601.64	7849.69
158	0.00359385	1255.94	6598.73	7854.67
159	0.0035907	1263.84	6595.81	7859.65
160	0.00359071	1271.74	6592.9	7864.64
161	0.0035841	1279.64	6589.94	7869.59
162	0.00359023	1287.55	6586.96	7874.51
163	0.00358463	1295.45	6584.02	7879.47
164	0.00358484	1303.35	6581.11	7884.46
165	0.00358225	1311.25	6578.18	7889.43
166	0.00358261	1319.14	6575.27	7894.41
167	0.00357376	1327.05	6572.27	7899.32
168	0.0035741	1334.95	6569.36	7904.31
169	0.00357285	1342.85	6566.44	7909.29
170	0.00357372	1350.75	6563.53	7914.27
171	0.00356621	1358.66	6560.48	7919.15
172	0.00356624	1366.56	6557.57	7924.13
173	0.00356527	1374.47	6554.58	7929.05
174	0.00356874	1382.38	6551.59	7933.97
175	0.00356601	1390.28	6548.67	7938.95
176	0.00356441	1398.18	6545.75	7943.93
177	0.00355979	1406.09	6542.76	7948.85
178	0.00356041	1413.99	6539.79	7953.78
179	0.00355956	1421.89	6536.88	7958.77
180	0.00355872	1429.79	6533.97	7963.76
181	0.00355664	1437.7	6530.94	7968.64
182	0.00355739	1445.6	6528.01	7973.62
183	0.00355502	1453.5	6525.09	7978.6
184	0.00355585	1461.4	6522.18	7983.58
185	0.00355341	1469.32	6519.15	7988.46
186	0.00355415	1477.22	6516.23	7993.44
187	0.00355445	1485.11	6513.32	7998.43
188	0.00355466	1493.01	6510.41	8003.42
189	0.00354609	1500.92	6507.44	8008.36
190	0.00354621	1508.81	6504.53	8013.34
191	0.0035462	1516.71	6501.62	8018.33
192	0.00354592	1524.61	6498.71	8023.32
193	0.00353742	1532.52	6495.73	8028.25
194	0.00353748	1540.41	6492.82	8033.24
195	0.00354022	1548.32	6489.84	8038.17
196	0.00354029	1556.22	6486.93	8043.16
197	0.00354086	1564.12	6484.03	8048.14
198	0.00354082	1572.02	6481.11	8053.13
199	0.00353803	1579.92	6478.16	8058.08
200	0.0035384	1587.82	6475.23	8063.05
