1	0.523445	9.63236	11081.1	11090.8
2	0.523223	13.7969	11081.6	11095.4
3	0.516133	17.9345	11063.1	11081.1
4	0.516132	21.9865	11064.2	11086.2
5	0.438309	27.1756	10830.8	10858
6	0.438275	31.4118	10831.6	10863
7	0.425428	35.9273	10790	10826
8	0.425394	40.1797	10790.7	10830.9
9	0.418244	44.6388	10767.3	10811.9
10	0.418183	48.9003	10767.9	10816.8
11	0.416602	53.2124	10763.3	10816.5
12	0.416545	57.4688	10763.9	10821.3
13	0.415246	61.7751	10760.3	10822
14	0.415104	66.0326	10760.5	10826.6
15	0.414337	70.3193	10758.7	10829
16	0.413974	74.5865	10758.2	10832.8
17	0.41395	78.8341	10758.9	10837.8
18	0.413114	83.1282	10756.9	10840
19	0.412865	87.3897	10756.8	10844.2
20	0.412865	91.6337	10757.5	10849.2
21	0.412615	95.8937	10757.5	10853.4
22	0.412571	100.139	10758.1	10858.2
23	0.412124	104.414	10757.3	10861.7
24	0.412117	108.655	10758.1	10866.7
25	0.412063	112.899	10758.7	10871.6
26	0.411566	117.181	10757.7	10874.9
27	0.411507	121.425	10758.3	10879.8
28	0.411492	125.664	10759.1	10884.7
29	0.411335	129.916	10759.3	10889.3
30	0.411292	134.157	10760	10894.2
31	0.410514	138.467	10758.3	10896.8
32	0.410465	142.713	10758.9	10901.6
33	0.410404	146.96	10759.4	10906.3
34	0.410138	151.229	10759.2	10910.4
35	0.410048	155.479	10759.6	10915.1
36	0.409948	159.727	10760.1	10919.8
37	0.409947	163.965	10760.8	10924.8
38	0.409917	168.207	10761.4	10929.7
39	0.40981	172.455	10761.9	10934.3
40	0.409787	176.696	10762.5	10939.2
41	0.409773	180.934	10763.3	10944.2
42	0.409767	185.171	10764	10949.2
43	0.409763	189.407	10764.8	10954.2
44	0.409473	193.685	10764.5	10958.2
45	0.409453	197.924	10765.2	10963.1
46	0.409448	202.16	10765.9	10968.1
47	0.40941	206.401	10766.6	10973
48	0.409382	210.64	10767.3	10977.9
49	0.409303	214.888	10767.8	10982.6
50	0.409301	219.123	10768.5	10987.6
51	0.408395	223.5	10766.3	10989.8
52	0.408032	227.799	10765.8	10993.6
53	0.407293	232.154	10764.3	10996.4
54	0.407271	236.4	10764.9	11001.3
55	0.407056	240.681	10764.9	11005.6
56	0.406934	244.945	10765.2	11010.1
57	0.406519	249.258	10764.6	11013.9
58	0.40596	253.599	10763.5	11017.1
59	0.405533	257.928	10762.8	11020.7
60	0.405493	262.18	10763.4	11025.6
61	0.405461	266.43	10764	11030.4
62	0.404557	270.848	10761.8	11032.6
63	0.40453	275.101	10762.4	11037.5
64	0.404416	279.367	10762.9	11042.2
65	0.404216	283.655	10762.9	11046.6
66	0.404138	287.921	10763.4	11051.3
67	0.403749	292.242	10763	11055.2
68	0.403484	296.546	10762.8	11059.4
69	0.403188	300.862	10762.5	11063.4
70	0.402992	305.149	10762.7	11067.9
71	0.402693	309.464	10762.5	11072
72	0.401977	313.86	10761.1	11074.9
73	0.401916	318.126	10761.6	11079.8
74	0.401689	322.416	10761.8	11084.2
75	0.401653	326.677	10762.5	11089.1
76	0.401541	330.973	10762.6	11093.6
77	0.401257	335.288	10762.5	11097.8
78	0.400368	339.777	10760	11099.7
79	0.400028	344.119	10759.5	11103.7
80	0.399473	348.506	10758.5	11107.1
81	0.399473	352.766	10759.3	11112
82	0.399161	357.118	10758.8	11115.9
83	0.399139	361.386	10759.4	11120.8
84	0.399075	365.665	10759.9	11125.6
85	0.399062	369.93	10760.6	11130.5
86	0.399057	374.192	10761.3	11135.5
87	0.398893	378.489	10761.6	11140.1
88	0.397667	383.06	10758.5	11141.6
89	0.397295	387.407	10758.2	11145.6
90	0.396979	391.781	10757.6	11149.4
91	0.396788	396.111	10757.6	11153.7
92	0.396491	400.465	10757.3	11157.7
93	0.396343	404.782	10757.4	11162.2
94	0.396341	409.051	10758.1	11167.2
95	0.39633	413.321	10758.8	11172.2
96	0.395494	417.827	10756.9	11174.7
97	0.395277	422.169	10756.8	11178.9
98	0.3952	426.464	10757.2	11183.7
99	0.395142	430.757	10757.7	11188.5
100	0.394865	435.099	10757.6	11192.7
101	0.394863	439.372	10758.4	11197.7
102	0.394772	443.678	10758.7	11202.4
103	0.394711	447.971	10759.2	11207.2
104	0.39452	452.302	10759.3	11211.6
105	0.394424	456.603	10759.7	11216.3
106	0.394371	460.897	10760.2	11221.1
107	0.39396	465.288	10759.7	11225
108	0.393959	469.563	10760.4	11230
109	0.393838	473.885	10760.7	11234.6
110	0.393794	478.181	10761.2	11239.3
111	0.393609	482.522	10761.2	11243.7
112	0.393561	486.809	10761.8	11248.6
113	0.393533	491.097	10762.4	11253.5
114	0.393533	495.374	10763.1	11258.5
115	0.393522	499.652	10763.8	11263.5
116	0.393447	503.957	10764.2	11268.2
117	0.393378	508.251	10764.8	11273
118	0.39331	512.553	10765.2	11277.8
119	0.392594	517.092	10763.5	11280.6
120	0.392564	521.38	10764.1	11285.5
121	0.392551	525.668	10764.7	11290.4
122	0.392354	530.004	10764.9	11294.9
123	0.392217	534.338	10765.1	11299.4
124	0.392159	538.629	10765.7	11304.3
125	0.392114	542.931	10766.2	11309.1
126	0.391999	547.265	10766.4	11313.7
127	0.391999	551.545	10767.1	11318.7
128	0.391889	555.867	10767.5	11323.3
129	0.391827	560.172	10768	11328.1
130	0.391756	564.478	10768.4	11332.9
131	0.391689	568.782	10768.9	11337.7
132	0.391646	573.074	10769.6	11342.6
133	0.391409	577.442	10769.5	11347
134	0.390928	581.912	10768.6	11350.5
135	0.390917	586.199	10769.3	11355.5
136	0.390856	590.513	10769.7	11360.2
137	0.390529	594.909	10769.5	11364.4
138	0.39042	599.233	10769.9	11369.1
139	0.390417	603.516	10770.6	11374.1
140	0.390328	607.838	10771	11378.8
141	0.390301	612.132	10771.6	11383.7
142	0.390247	616.438	10772.1	11388.6
143	0.38998	620.828	10772	11392.8
144	0.389284	625.403	10770.4	11395.8
145	0.389134	629.763	10770.5	11400.3
146	0.389117	634.056	10771.1	11405.2
147	0.388818	638.454	10771	11409.4
148	0.388679	642.809	10771.2	11414
149	0.38841	647.215	10771	11418.2
150	0.388372	651.521	10771.5	11423
151	0.388347	655.821	10772.1	11428
152	0.388159	660.183	10772.3	11432.5
153	0.388031	664.537	10772.5	11437
154	0.387849	668.898	10772.7	11441.6
155	0.387075	673.507	10771	11444.5
156	0.387025	677.817	10771.6	11449.4
157	0.386933	682.133	10772.1	11454.2
158	0.386861	686.452	10772.6	11459
159	0.386867	690.746	10773.3	11464
160	0.386702	695.096	10773.5	11468.6
161	0.386696	699.39	10774.2	11473.6
162	0.386608	703.712	10774.7	11478.4
163	0.386547	708.04	10775.2	11483.2
164	0.386487	712.349	10775.8	11488.1
165	0.385168	717.183	10772.6	11489.8
166	0.385104	721.5	10773.2	11494.7
167	0.384372	726.17	10771.3	11497.4
168	0.38434	730.484	10771.8	11502.3
169	0.383558	735.172	10769.8	11505
170	0.383546	739.478	10770.5	11510
171	0.38343	743.833	10770.8	11514.7
172	0.383431	748.134	10771.5	11519.6
173	0.383348	752.496	10771.8	11524.3
174	0.383287	756.836	10772.2	11529.1
175	0.38328	761.141	10772.9	11534
176	0.382739	765.72	10771.7	11537.4
177	0.382598	770.09	10772	11542.1
178	0.382278	774.558	10771.6	11546.1
179	0.382155	778.963	10771.6	11550.5
180	0.382065	783.323	10771.9	11555.2
181	0.381861	787.768	10771.7	11559.4
182	0.381697	792.172	10771.7	11563.9
183	0.381042	796.859	10770	11566.8
184	0.38104	801.174	10770.6	11571.8
185	0.380833	805.598	10770.5	11576.1
186	0.380767	809.931	10771.1	11581
187	0.380772	814.245	10771.7	11586
188	0.380634	818.602	10772.1	11590.7
189	0.380616	822.94	10772.6	11595.5
190	0.380615	827.268	10773.2	11600.4
191	0.380291	831.778	10772.6	11604.4
192	0.379957	836.293	10772	11608.3
193	0.379952	840.606	10772.7	11613.3
194	0.379951	844.924	10773.3	11618.2
195	0.379702	849.383	10773.1	11622.5
196	0.379458	853.796	10773.2	11627
197	0.379295	858.184	10773.4	11631.6
198	0.379298	862.506	10774	11636.5
199	0.379253	866.858	10774.4	11641.3
200	0.379159	871.239	10774.7	11646
