1	1.04573	8.63427	12080.2	12088.9
2	0.965883	12.0279	11967.9	11979.9
3	0.965584	15.2237	11969.4	11984.7
4	0.844546	19.1387	11779	11798.2
5	0.844545	22.4493	11780.8	11803.3
6	0.613889	28.4481	11328.5	11356.9
7	0.613602	32.1795	11329.2	11361.3
8	0.509839	37.9572	11070.8	11108.7
9	0.509837	41.922	11071.9	11113.8
10	0.507713	45.937	11067.2	11113.1
11	0.507583	49.898	11067.9	11117.8
12	0.500849	54.0683	11050.6	11104.7
13	0.500842	58.0351	11051.7	11109.7
14	0.49915	62.061	11048.2	11110.3
15	0.49915	66.0251	11049.3	11115.3
16	0.484128	70.6511	11008.1	11078.8
17	0.483739	74.6691	11008.1	11082.8
18	0.43868	81.0305	10875.5	10956.5
19	0.438281	85.1803	10875.3	10960.4
20	0.415808	90.6981	10805.3	10896
21	0.415792	94.8947	10806	10900.9
22	0.41507	99.1391	10804.5	10903.7
23	0.414945	103.342	10805	10908.3
24	0.412568	107.719	10798	10905.7
25	0.412491	111.925	10798.6	10910.5
26	0.411172	116.236	10795	10911.3
27	0.41116	120.44	10795.8	10916.2
28	0.406274	125.063	10781.1	10906.2
29	0.405314	129.358	10779.1	10908.5
30	0.391117	134.964	10732.3	10867.3
31	0.391116	139.227	10733	10872.3
32	0.382838	144.361	10705.7	10850.1
33	0.382789	148.654	10706.3	10855
34	0.381786	153.072	10703.1	10856.2
35	0.381719	157.374	10703.5	10860.9
36	0.381205	161.73	10702.4	10864.1
37	0.381194	166.025	10703.1	10869.1
38	0.381162	170.323	10703.6	10874
39	0.381162	174.615	10704.3	10879
40	0.379075	179.16	10698.5	10877.6
41	0.378716	183.498	10698.2	10881.7
42	0.369869	189.047	10667.9	10856.9
43	0.369416	193.433	10667.1	10860.5
44	0.366187	198.261	10655.9	10854.2
45	0.365991	202.626	10656	10858.6
46	0.365688	207.022	10655.4	10862.4
47	0.365617	211.373	10655.8	10867.2
48	0.36539	215.751	10655.7	10871.4
49	0.365307	220.105	10656.1	10876.2
50	0.365275	224.454	10656.6	10881
51	0.364193	228.967	10653.7	10882.6
52	0.361172	233.82	10644	10877.8
53	0.361139	238.181	10644.5	10882.7
54	0.356863	243.298	10630.3	10873.6
55	0.356863	247.666	10630.9	10878.6
56	0.352539	252.883	10615.5	10868.4
57	0.352508	257.272	10616	10873.3
58	0.351369	261.881	10612.5	10874.4
59	0.351261	266.294	10612.6	10878.9
60	0.351162	270.699	10612.9	10883.6
61	0.35116	275.086	10613.5	10888.6
62	0.350328	279.652	10611	10890.6
63	0.350328	284.041	10611.6	10895.6
64	0.34866	288.769	10606.6	10895.3
65	0.348656	293.163	10607.2	10900.3
66	0.344403	298.518	10592.2	10890.8
67	0.3436	303.096	10590.1	10893.2
68	0.339906	308.378	10577	10885.4
69	0.339365	312.93	10575.6	10888.5
70	0.339367	317.356	10576.1	10893.5
71	0.339055	321.851	10575.6	10897.5
72	0.338951	326.297	10575.9	10902.2
73	0.338914	330.731	10576.4	10907.1
74	0.338697	335.201	10576.3	10911.5
75	0.338687	339.629	10576.8	10916.4
76	0.338284	344.135	10576.2	10920.4
77	0.337781	348.685	10575.1	10923.8
78	0.332518	354.545	10555.9	10910.4
79	0.331895	359.16	10554.1	10913.3
80	0.328294	364.596	10541.3	10905.9
81	0.328201	369.086	10541.5	10910.6
82	0.327509	373.767	10539.1	10912.9
83	0.327509	378.231	10539.6	10917.9
84	0.327198	382.787	10539	10921.8
85	0.327186	387.256	10539.4	10926.7
86	0.327177	391.723	10539.9	10931.7
87	0.327067	396.218	10540.1	10936.3
88	0.324392	401.438	10531.3	10932.7
89	0.324251	405.939	10531.5	10937.4
90	0.320772	411.53	10518.4	10930
91	0.320758	416.022	10518.9	10934.9
92	0.320238	420.671	10517.4	10938.1
93	0.31993	425.267	10516.7	10941.9
94	0.31976	429.816	10516.5	10946.3
95	0.319725	434.316	10516.8	10951.2
96	0.318756	439.1	10514	10953.1
97	0.318645	443.639	10514	10957.6
98	0.318578	448.154	10514.2	10962.4
99	0.31851	452.666	10514.5	10967.2
100	0.31708	457.586	10510.3	10967.9
101	0.317058	462.097	10510.6	10972.7
102	0.31495	467.338	10503.1	10970.4
103	0.314947	471.843	10503.6	10975.4
104	0.314591	476.483	10502.6	10979.1
105	0.314587	480.989	10503.1	10984.1
106	0.314573	485.5	10503.5	10989
107	0.314331	490.07	10503.3	10993.4
108	0.3143	494.584	10503.7	10998.3
109	0.314174	499.131	10503.8	11002.9
110	0.314152	503.65	10504.2	11007.8
111	0.314031	508.211	10504.1	11012.3
112	0.313431	512.923	10502.5	11015.5
113	0.313346	517.467	10502.7	11020.1
114	0.312288	522.404	10499	11021.4
115	0.312187	526.957	10499.1	11026
116	0.311043	531.94	10495	11027
117	0.311046	536.457	10495.5	11031.9
118	0.310788	541.091	10494.9	11035.9
119	0.310374	545.756	10493.9	11039.7
120	0.310373	550.275	10494.4	11044.7
121	0.310359	554.802	10494.8	11049.6
122	0.310216	559.368	10494.8	11054.2
123	0.310089	563.943	10494.8	11058.7
124	0.309987	568.521	10494.7	11063.3
125	0.309988	573.042	10495.2	11068.2
126	0.30959	577.712	10494.3	11072
127	0.309529	582.261	10494.6	11076.8
128	0.308427	587.268	10490.7	11078
129	0.308259	591.882	10490.4	11082.3
130	0.30826	596.409	10490.9	11087.3
131	0.308155	600.983	10490.9	11091.9
132	0.308155	605.509	10491.4	11096.9
133	0.307979	610.104	10491.3	11101.4
134	0.307658	614.776	10490.5	11105.3
135	0.307651	619.307	10490.9	11110.2
136	0.307147	624.08	10489.4	11113.4
137	0.306754	628.76	10488.6	11117.3
138	0.3064	633.458	10487.6	11121.1
139	0.306382	638.007	10488	11126
140	0.306173	642.643	10487.6	11130.2
141	0.306169	647.179	10488	11135.2
142	0.305978	651.809	10487.7	11139.5
143	0.305869	656.384	10487.8	11144.2
144	0.305239	661.192	10486	11147.2
145	0.305144	665.779	10486.1	11151.9
146	0.305128	670.323	10486.5	11156.8
147	0.304907	674.944	10486.3	11161.2
148	0.304308	679.787	10484.3	11164.1
149	0.303981	684.473	10483.6	11168.1
150	0.303592	689.204	10482.6	11171.8
151	0.303481	693.804	10482.6	11176.4
152	0.302383	698.861	10479.1	11178
153	0.302159	703.541	10478.6	11182.1
154	0.301813	708.253	10477.8	11186
155	0.301097	713.142	10475.6	11188.8
156	0.301014	717.721	10475.9	11193.6
157	0.300963	722.282	10476.2	11198.5
158	0.30091	726.852	10476.5	11203.3
159	0.300911	731.4	10476.9	11208.3
160	0.300346	736.191	10475.6	11211.8
161	0.30035	740.745	10476	11216.8
162	0.300138	745.421	10475.6	11221
163	0.300138	749.972	10476	11226
164	0.299466	754.842	10474.2	11229
165	0.298172	760.031	10470.1	11230.1
166	0.298177	764.59	10470.5	11235.1
167	0.297471	769.567	10468	11237.6
168	0.297404	774.158	10468.2	11242.4
169	0.296734	779.079	10466.1	11245.2
170	0.296721	783.645	10466.5	11250.2
171	0.296682	788.234	10466.8	11255
172	0.296524	792.862	10466.7	11259.6
173	0.296517	797.447	10467	11264.5
174	0.295755	802.462	10464.4	11266.8
175	0.295711	807.05	10464.6	11271.7
176	0.295707	811.615	10465.1	11276.7
177	0.29553	816.288	10464.8	11281
178	0.295086	821.128	10463.4	11284.5
179	0.29495	825.82	10463	11288.8
180	0.29493	830.41	10463.2	11293.6
181	0.294826	835.065	10463.1	11298.1
182	0.294694	839.707	10463	11302.7
183	0.294088	844.622	10461.2	11305.8
184	0.293929	849.318	10460.8	11310.1
185	0.293861	853.941	10460.9	11314.8
186	0.293154	858.906	10458.8	11317.7
187	0.293145	863.48	10459.2	11322.7
188	0.293107	868.112	10459.2	11327.3
189	0.293055	872.752	10459.2	11332
190	0.293045	877.328	10459.6	11337
191	0.292895	881.999	10459.4	11341.4
192	0.292719	886.714	10459	11345.7
193	0.292717	891.29	10459.4	11350.7
194	0.292719	895.874	10459.7	11355.6
195	0.292606	900.545	10459.6	11360.1
196	0.292026	905.446	10458	11363.4
197	0.291962	910.064	10458.1	11368.2
198	0.291567	914.958	10456.6	11371.6
199	0.291554	919.551	10457	11376.5
200	0.291507	924.151	10457.2	11381.4
