1	0.604196	9.42569	11288	11297.4
2	0.569892	13.5504	11205.1	11218.7
3	0.569778	17.507	11206.1	11223.6
4	0.536908	21.7569	11121.9	11143.6
5	0.536888	25.7223	11122.9	11148.7
6	0.273546	35.359	10169.8	10205.1
7	0.273282	40.2469	10168.6	10208.9
8	0.215292	47.6938	9843.96	9891.65
9	0.215231	52.8791	9843.45	9896.33
10	0.214961	58.0708	9841.65	9899.72
11	0.214946	63.2423	9841.45	9904.7
12	0.213342	68.5286	9831.16	9899.69
13	0.21334	73.7002	9831.02	9904.72
14	0.213161	78.8843	9829.71	9908.6
15	0.213159	84.0502	9829.57	9913.62
16	0.211509	89.3727	9819.3	9908.68
17	0.211439	94.5505	9818.71	9913.27
18	0.209691	99.9145	9807.53	9907.44
19	0.209679	105.093	9807.29	9912.38
20	0.209252	110.321	9804.47	9914.79
21	0.209242	115.499	9804.27	9919.77
22	0.209017	120.706	9802.64	9923.34
23	0.208952	125.89	9802.08	9927.97
24	0.208466	131.14	9798.72	9929.85
25	0.208355	136.333	9797.85	9934.19
26	0.208057	141.559	9795.75	9937.31
27	0.208057	146.736	9795.58	9942.32
28	0.207533	151.998	9792.23	9944.23
29	0.207285	157.217	9790.63	9947.85
30	0.207181	162.417	9789.72	9952.14
31	0.206968	167.633	9788.32	9955.96
32	0.206968	172.813	9788.14	9960.95
33	0.206966	177.993	9787.93	9965.92
34	0.206525	183.27	9784.75	9968.02
35	0.206409	188.475	9783.83	9972.3
36	0.206116	193.72	9781.79	9975.51
37	0.20611	198.903	9781.58	9980.49
38	0.20611	204.085	9781.4	9985.48
39	0.206078	209.271	9781.08	9990.35
40	0.205917	214.495	9779.78	9994.28
41	0.205899	219.681	9779.49	9999.17
42	0.205893	224.862	9779.29	10004.1
43	0.205882	230.047	9779.01	10009.1
44	0.205636	235.293	9777.27	10012.6
45	0.205618	240.479	9776.97	10017.5
46	0.20557	245.673	9776.5	10022.2
47	0.205542	250.863	9776.13	10027
48	0.205541	256.044	9775.95	10032
49	0.205481	261.241	9775.41	10036.7
50	0.205477	266.423	9775.21	10041.6
51	0.20495	271.755	9771.9	10043.7
52	0.204673	277.026	9769.94	10047
53	0.204357	282.305	9767.87	10050.2
54	0.204353	287.495	9767.62	10055.1
55	0.204269	292.712	9766.84	10059.6
56	0.204123	297.948	9765.7	10063.6
57	0.203954	303.192	9764.47	10067.7
58	0.203441	308.553	9761.11	10069.7
59	0.203266	313.808	9759.76	10073.6
60	0.203226	319.014	9759.3	10078.3
61	0.203219	324.208	9759.07	10083.3
62	0.202707	329.584	9755.71	10085.3
63	0.2027	334.781	9755.47	10090.2
64	0.202646	339.993	9754.97	10095
65	0.202564	345.218	9754.25	10099.5
66	0.202534	350.426	9753.83	10104.3
67	0.202314	355.705	9752.3	10108
68	0.202256	360.923	9751.74	10112.7
69	0.202095	366.188	9750.47	10116.7
70	0.201915	371.453	9749.22	10120.7
71	0.201754	376.713	9748.07	10124.8
72	0.201411	382.041	9745.94	10128
73	0.201386	387.252	9745.57	10132.8
74	0.201276	392.484	9744.89	10137.4
75	0.201262	397.689	9744.62	10142.3
76	0.201197	402.936	9743.75	10146.7
77	0.201045	408.198	9742.68	10150.9
78	0.200545	413.64	9739.15	10152.8
79	0.200361	418.927	9737.81	10156.7
80	0.199965	424.308	9735.23	10159.5
81	0.199964	429.516	9735	10164.5
82	0.199757	434.837	9733.28	10168.1
83	0.199751	440.049	9733.02	10173.1
84	0.199723	445.276	9732.57	10177.8
85	0.199713	450.491	9732.27	10182.8
86	0.199706	455.703	9732	10187.7
87	0.199609	460.953	9731.27	10192.2
88	0.198956	466.479	9727.13	10193.6
89	0.198787	471.761	9726.06	10197.8
90	0.198664	477.056	9724.85	10201.9
91	0.198576	482.327	9723.94	10206.3
92	0.198373	487.653	9722.39	10210
93	0.198295	492.914	9721.64	10214.6
94	0.198295	498.13	9721.41	10219.5
95	0.198287	503.349	9721.15	10224.5
96	0.19784	508.792	9718.34	10227.1
97	0.197728	514.075	9717.37	10231.4
98	0.19767	519.328	9716.76	10236.1
99	0.197643	524.566	9716.32	10240.9
100	0.197512	529.843	9715.46	10245.3
101	0.197511	535.066	9715.19	10250.3
102	0.197446	540.33	9714.49	10254.8
103	0.19742	545.565	9714.09	10259.7
104	0.197346	550.828	9713.41	10264.2
105	0.197303	556.072	9712.93	10269
106	0.197281	561.311	9712.51	10273.8
107	0.197087	566.63	9711.26	10277.9
108	0.197087	571.852	9711.03	10282.9
109	0.197032	577.11	9710.43	10287.5
110	0.19702	582.343	9710.08	10292.4
111	0.196916	587.637	9709.12	10296.8
112	0.196893	592.873	9708.76	10301.6
113	0.196876	598.107	9708.41	10306.5
114	0.196876	603.329	9708.18	10311.5
115	0.196868	608.556	9707.91	10316.5
116	0.196837	613.804	9707.43	10321.2
117	0.196807	619.042	9707.05	10326.1
118	0.196779	624.285	9706.62	10330.9
119	0.196434	629.744	9704.17	10333.9
120	0.196426	634.973	9703.89	10338.9
121	0.196421	640.207	9703.57	10343.8
122	0.19634	645.473	9702.96	10348.4
123	0.196268	650.752	9702.23	10353
124	0.196243	655.987	9701.91	10357.9
125	0.196222	661.233	9701.49	10362.7
126	0.196171	666.504	9700.85	10367.4
127	0.196171	671.73	9700.61	10372.3
128	0.196114	676.994	9700.04	10377
129	0.19608	682.249	9699.55	10381.8
130	0.196053	687.493	9699.16	10386.6
131	0.196018	692.742	9698.72	10391.5
132	0.195985	697.987	9698.33	10396.3
133	0.195873	703.289	9697.45	10400.7
134	0.195617	708.711	9695.56	10404.3
135	0.195613	713.942	9695.3	10409.2
136	0.195584	719.2	9694.82	10414
137	0.195417	724.537	9693.68	10418.2
138	0.195362	729.803	9693.14	10422.9
139	0.195362	735.033	9692.9	10427.9
140	0.195318	740.292	9692.41	10432.7
141	0.195306	745.533	9692.09	10437.6
142	0.195286	750.779	9691.71	10442.5
143	0.195159	756.101	9690.73	10446.8
144	0.19478	761.621	9688.19	10449.8
145	0.194707	766.921	9687.42	10454.3
146	0.1947	772.16	9687.13	10459.3
147	0.194548	777.491	9686.12	10463.6
148	0.194478	782.793	9685.34	10468.1
149	0.194339	788.137	9684.25	10472.4
150	0.194318	793.388	9683.88	10477.3
151	0.194305	798.634	9683.54	10482.2
152	0.194208	803.934	9682.81	10486.7
153	0.194144	809.229	9682.11	10491.3
154	0.19404	814.536	9681.32	10495.9
155	0.193647	820.068	9678.87	10498.9
156	0.193629	825.317	9678.54	10503.9
157	0.193586	830.574	9678.16	10508.7
158	0.193552	835.834	9677.74	10513.6
159	0.193554	841.073	9677.49	10518.6
160	0.193469	846.362	9676.87	10523.2
161	0.193469	851.6	9676.62	10528.2
162	0.193429	856.863	9676.2	10533.1
163	0.193401	862.128	9675.76	10537.9
164	0.193373	867.382	9675.39	10542.8
165	0.192702	873.144	9671.45	10544.6
166	0.192663	878.408	9671.04	10549.5
167	0.19229	884.007	9668.29	10552.3
168	0.192272	889.268	9667.92	10557.2
169	0.191876	894.876	9665.15	10560
170	0.191869	900.129	9664.85	10565
171	0.191813	905.424	9664.25	10569.7
172	0.191814	910.671	9663.99	10574.7
173	0.191775	915.974	9663.35	10579.3
174	0.191745	921.256	9662.86	10584.1
175	0.191742	926.504	9662.59	10589.1
176	0.191479	932.011	9660.6	10592.6
177	0.191404	937.325	9659.9	10597.2
178	0.191232	942.737	9658.56	10601.3
179	0.19117	948.073	9657.72	10605.8
180	0.191125	953.371	9657.15	10610.5
181	0.191027	958.741	9656.11	10614.8
182	0.190955	964.065	9655.37	10619.4
183	0.190623	969.684	9652.73	10622.4
184	0.190621	974.946	9652.41	10627.4
185	0.190524	980.29	9651.56	10631.9
186	0.190488	985.572	9651.12	10636.7
187	0.19049	990.83	9650.83	10641.7
188	0.190418	996.126	9650.3	10646.4
189	0.190408	1001.41	9649.84	10651.2
190	0.190406	1006.68	9649.51	10656.2
191	0.190244	1012.11	9648.13	10660.2
192	0.190086	1017.55	9646.71	10664.3
193	0.190084	1022.81	9646.44	10669.2
194	0.190084	1028.06	9646.16	10674.2
195	0.189959	1033.46	9645	10678.5
196	0.189842	1038.81	9644.17	10683
197	0.18976	1044.15	9643.44	10687.6
198	0.189761	1049.41	9643.13	10692.5
199	0.189739	1054.7	9642.65	10697.4
200	0.189693	1060.03	9641.95	10702
