1	0.582339	6.16983	1125.27	1131.44
2	0.553842	8.67181	1119.38	1128.05
3	0.552449	11.029	1120.22	1131.25
4	0.482682	14.0542	1102.65	1116.71
5	0.480144	16.5392	1103.03	1119.57
6	0.19231	24.978	998.058	1023.04
7	0.191624	28.4202	997.803	1026.22
8	0.0829933	35.1993	952.407	987.607
9	0.0829855	39.0267	951.991	991.018
10	0.0815733	42.9174	950.799	993.717
11	0.0815717	46.7386	950.376	997.115
12	0.079032	50.6963	948.631	999.328
13	0.0789157	54.5259	948.144	1002.67
14	0.0787644	58.3576	947.616	1005.97
15	0.0783968	62.1852	947.104	1009.29
16	0.0727441	66.2363	944.96	1011.2
17	0.0727671	70.0659	944.496	1014.56
18	0.0613947	74.4072	940.664	1015.07
19	0.0614209	78.2597	940.182	1018.44
20	0.0602541	82.149	939.468	1021.62
21	0.0602462	86	938.984	1024.98
22	0.0596186	89.875	938.358	1028.23
23	0.0596202	93.7238	937.875	1031.6
24	0.0589454	97.6125	937.179	1034.79
25	0.0588823	101.472	936.635	1038.11
26	0.0589528	105.326	936.118	1041.44
27	0.0590116	109.193	935.538	1044.73
28	0.0585664	113.048	935.013	1048.06
29	0.0585881	116.91	934.454	1051.36
30	0.0575268	120.826	933.662	1054.49
31	0.0576359	124.685	933.121	1057.81
32	0.0574842	128.546	932.571	1061.12
33	0.0575029	132.402	932.043	1064.44
34	0.0574733	136.248	931.551	1067.8
35	0.057446	140.096	931.052	1071.15
36	0.0574396	143.941	930.562	1074.5
37	0.0573919	147.792	930.044	1077.84
38	0.0574056	151.637	929.552	1081.19
39	0.0573371	155.511	928.953	1084.46
40	0.0573412	159.354	928.461	1087.82
41	0.0573227	163.199	927.966	1091.16
42	0.0570258	167.144	927.127	1094.27
43	0.0569993	171.029	926.501	1097.53
44	0.0569943	174.881	925.984	1100.87
45	0.0570612	178.748	925.418	1104.17
46	0.0571436	182.598	924.909	1107.51
47	0.0571241	186.446	924.402	1110.85
48	0.0570244	190.298	923.885	1114.18
49	0.0570276	194.143	923.388	1117.53
50	0.0570746	198.006	922.835	1120.84
51	0.0570155	201.889	922.226	1124.11
52	0.0568505	205.753	921.671	1127.42
53	0.0568535	209.6	921.167	1130.77
54	0.0567198	213.527	920.434	1133.96
55	0.0567547	217.396	919.87	1137.27
56	0.0567262	221.261	919.318	1140.58
57	0.0567115	225.12	918.783	1143.9
58	0.0567137	228.966	918.283	1147.25
59	0.0566838	232.817	917.771	1150.59
60	0.0565877	236.676	917.233	1153.91
61	0.0565875	240.526	916.723	1157.25
62	0.0565812	244.374	916.216	1160.59
63	0.0566388	248.254	915.626	1163.88
64	0.0564392	252.175	914.932	1167.11
65	0.0564403	256.022	914.429	1170.45
66	0.0564615	259.878	913.902	1173.78
67	0.0564049	263.738	913.368	1177.11
68	0.0563678	267.615	912.789	1180.4
69	0.0563693	271.462	912.285	1183.75
70	0.0562965	275.32	911.756	1187.08
71	0.0561988	279.2	911.172	1190.37
72	0.0562002	283.047	910.667	1193.71
73	0.056216	286.897	910.156	1197.05
74	0.056149	290.794	909.534	1200.33
75	0.056172	294.649	909.012	1203.66
76	0.0561832	298.525	908.44	1206.97
77	0.0561781	302.389	907.897	1210.29
78	0.056175	306.237	907.392	1213.63
79	0.0561719	310.1	906.849	1216.95
80	0.0561387	313.955	906.327	1220.28
81	0.0560768	317.848	905.721	1223.57
82	0.055981	321.716	905.17	1226.89
83	0.0559084	325.585	904.617	1230.2
84	0.0559158	329.47	904.03	1233.5
85	0.05592	333.319	903.522	1236.84
86	0.0559044	337.195	902.954	1240.15
87	0.0558968	341.089	902.349	1243.44
88	0.055881	344.942	901.831	1246.77
89	0.0558309	348.842	901.216	1250.06
90	0.055831	352.691	900.708	1253.4
91	0.0558622	356.595	900.084	1256.68
92	0.0558478	360.447	899.571	1260.02
93	0.0557894	364.432	898.78	1263.21
94	0.0557954	368.284	898.268	1266.55
95	0.0557906	372.135	897.756	1269.89
96	0.0557658	376.036	897.143	1273.18
97	0.0557403	379.902	896.604	1276.51
98	0.0557406	383.756	896.085	1279.84
99	0.0556669	387.692	895.405	1283.1
100	0.0556548	391.547	894.886	1286.43
101	0.0556602	395.4	894.373	1289.77
102	0.0556358	399.28	893.803	1293.08
103	0.0556587	403.196	893.166	1296.36
104	0.0556305	407.057	892.636	1299.69
105	0.0556409	410.919	892.105	1303.02
106	0.055649	414.774	891.587	1306.36
107	0.0556557	418.628	891.07	1309.7
108	0.0556473	422.485	890.549	1313.03
109	0.0556326	426.404	889.908	1316.31
110	0.0556036	430.304	889.304	1319.61
111	0.0555242	434.287	888.543	1322.83
112	0.0555267	438.141	888.027	1326.17
113	0.0555146	442.014	887.478	1329.49
114	0.0554831	445.944	886.82	1332.76
115	0.0554838	449.8	886.302	1336.1
116	0.0554277	453.678	885.742	1339.42
117	0.0554313	457.546	885.202	1342.75
118	0.0554309	461.424	884.642	1346.07
119	0.0554288	465.28	884.125	1349.4
120	0.0554242	469.244	883.408	1352.65
121	0.0554206	473.102	882.888	1355.99
122	0.0553493	477.022	882.252	1359.27
123	0.0552435	480.963	881.582	1362.54
124	0.0552512	484.828	881.048	1365.88
125	0.0551147	488.819	880.287	1369.11
126	0.0550781	492.708	879.712	1372.42
127	0.0550535	496.607	879.12	1375.73
128	0.0550266	500.502	878.534	1379.04
129	0.0550183	504.379	877.981	1382.36
130	0.0550233	508.252	877.433	1385.69
131	0.0550201	512.123	876.892	1389.01
132	0.0550023	516.009	876.323	1392.33
133	0.0550158	519.874	875.792	1395.67
134	0.0549567	523.778	875.19	1398.97
135	0.0549326	527.645	874.655	1402.3
136	0.0549324	531.505	874.133	1405.64
137	0.0548543	535.41	873.531	1408.94
138	0.054811	539.353	872.865	1412.22
139	0.0547585	543.24	872.296	1415.54
140	0.0547549	547.106	871.764	1418.87
141	0.0547359	550.976	871.225	1422.2
142	0.0547164	554.885	870.618	1425.5
143	0.0546565	558.84	869.933	1428.77
144	0.0546572	562.702	869.408	1432.11
145	0.0546588	566.563	868.884	1435.45
146	0.0546356	570.444	868.327	1438.77
147	0.0545963	574.33	867.761	1442.09
148	0.0546139	578.222	867.185	1445.41
149	0.0546184	582.087	866.654	1448.74
150	0.0546329	586	866.045	1452.04
151	0.0546266	589.862	865.518	1455.38
152	0.0545901	593.779	864.902	1458.68
153	0.0544537	597.759	864.182	1461.94
154	0.054384	601.748	863.447	1465.2
155	0.0543543	605.642	862.871	1468.51
156	0.0543537	609.505	862.344	1471.85
157	0.0542964	613.45	861.684	1475.13
158	0.0542606	617.35	861.098	1478.45
159	0.0542593	621.215	860.569	1481.78
160	0.0542351	625.155	859.918	1485.07
161	0.0542129	629.114	859.236	1488.35
162	0.0542102	633.032	858.622	1491.65
163	0.0541884	636.911	858.071	1494.98
164	0.0541217	640.846	857.43	1498.28
165	0.0540596	644.759	856.825	1501.58
166	0.0539747	648.738	856.115	1504.85
167	0.0539782	652.609	855.576	1508.19
168	0.0539779	656.498	855.01	1511.51
169	0.053925	660.436	854.367	1514.8
170	0.053891	664.382	853.711	1518.09
171	0.0538907	668.249	853.179	1521.43
172	0.0538612	672.164	852.574	1524.74
173	0.0538661	676.034	852.039	1528.07
174	0.0538327	679.967	851.404	1531.37
175	0.0537628	683.881	850.8	1534.68
176	0.0537514	687.755	850.257	1538.01
177	0.0537163	691.641	849.697	1541.34
178	0.0536973	695.523	849.144	1544.67
179	0.0536993	699.393	848.609	1548
180	0.0537029	703.281	848.047	1551.33
181	0.0536827	707.197	847.439	1554.64
182	0.0536889	711.081	846.882	1557.96
183	0.0536863	714.952	846.347	1561.3
184	0.0536829	718.823	845.811	1564.63
185	0.0536751	722.695	845.271	1567.97
186	0.0536756	726.583	844.71	1571.29
187	0.0536468	730.472	844.144	1574.62
188	0.0536478	734.342	843.61	1577.95
189	0.0536204	738.235	843.04	1581.27
190	0.0536201	742.106	842.504	1584.61
191	0.0536196	745.975	841.97	1587.94
192	0.0536219	749.845	841.435	1591.28
193	0.0536022	753.747	840.851	1594.6
194	0.0535926	757.62	840.31	1597.93
195	0.0535952	761.499	839.763	1601.26
196	0.0535785	765.401	839.179	1604.58
197	0.0535485	769.297	838.604	1607.9
198	0.0535509	773.193	838.03	1611.22
199	0.0535193	777.08	837.47	1614.55
200	0.0535184	780.95	836.934	1617.88
