1	1.10016	5.25206	1217.97	1223.22
2	1.02601	6.89096	1210.2	1217.1
3	1.02016	8.37086	1211.48	1219.85
4	0.87573	10.6018	1192.42	1203.02
5	0.866251	12.2574	1192.94	1205.2
6	0.697712	15.4822	1165.82	1181.3
7	0.697219	17.3299	1167.33	1184.66
8	0.609062	20.3595	1152.74	1173.1
9	0.608852	22.3365	1154.13	1176.46
10	0.600888	24.467	1153.75	1178.22
11	0.600162	26.4584	1155.02	1181.48
12	0.595966	28.4959	1155.83	1184.33
13	0.595976	30.4695	1157.25	1187.72
14	0.585583	32.6713	1156.78	1189.45
15	0.585016	34.6821	1157.96	1192.64
16	0.580767	36.7555	1158.7	1195.45
17	0.579288	38.7841	1159.79	1198.57
18	0.547163	41.7086	1155.02	1196.73
19	0.544355	43.8354	1155.79	1199.62
20	0.535033	46.2162	1155.06	1201.28
21	0.530861	48.4602	1155.28	1203.74
22	0.530941	50.5266	1156.56	1207.09
23	0.523903	52.8311	1156.56	1209.39
24	0.512975	55.3306	1155.64	1210.97
25	0.509508	57.5215	1156.39	1213.91
26	0.503647	59.9761	1155.89	1215.87
27	0.502387	62.1371	1156.87	1219.01
28	0.501995	64.2784	1157.96	1222.24
29	0.501629	66.4008	1159.13	1225.53
30	0.500086	68.5528	1160.18	1228.73
31	0.49953	70.7289	1161.13	1231.86
32	0.495352	73.0484	1161.5	1234.55
33	0.495208	75.1647	1162.73	1237.89
34	0.49468	77.2953	1163.9	1241.19
35	0.492425	79.5107	1164.74	1244.25
36	0.488227	81.938	1164.79	1246.73
37	0.488012	84.0781	1165.96	1250.04
38	0.488037	86.2002	1167.19	1253.39
39	0.487963	88.323	1168.42	1256.74
40	0.486943	90.4929	1169.48	1259.97
41	0.486594	92.6302	1170.65	1263.28
42	0.485106	94.8325	1171.61	1266.44
43	0.484658	96.987	1172.73	1269.72
44	0.483014	99.2054	1173.65	1272.86
45	0.482421	101.368	1174.75	1276.12
46	0.482415	103.494	1175.98	1279.47
47	0.479129	105.837	1176.52	1282.36
48	0.47805	108.061	1177.45	1285.51
49	0.477371	110.236	1178.53	1288.77
50	0.477333	112.368	1179.75	1292.12
51	0.477172	114.509	1180.94	1295.45
52	0.477169	116.64	1182.16	1298.8
53	0.476965	118.788	1183.32	1302.11
54	0.475688	121.026	1184.23	1305.26
55	0.473143	123.445	1184.64	1308.09
56	0.472466	125.648	1185.67	1311.32
57	0.467577	128.22	1185.68	1313.9
58	0.46642	130.464	1186.62	1317.08
59	0.466346	132.618	1187.8	1320.42
60	0.466347	134.765	1189	1323.76
61	0.466313	136.913	1190.19	1327.11
62	0.466333	139.061	1191.39	1330.45
63	0.464753	141.41	1192.06	1333.47
64	0.464041	143.621	1193.1	1336.72
65	0.463927	145.775	1194.29	1340.06
66	0.461965	148.103	1195.03	1343.14
67	0.459305	150.481	1195.66	1346.15
68	0.458602	152.711	1196.67	1349.38
69	0.458622	154.887	1197.81	1352.7
70	0.458622	157.045	1198.99	1356.04
71	0.458338	159.227	1200.12	1359.35
72	0.45833	161.384	1201.31	1362.69
73	0.458168	163.557	1202.46	1366.01
74	0.457966	165.744	1203.57	1369.31
75	0.457955	167.917	1204.72	1372.64
76	0.457888	170.079	1205.89	1375.97
77	0.457243	172.336	1206.85	1379.19
78	0.457136	174.499	1208.02	1382.52
79	0.457213	176.665	1209.19	1385.85
80	0.455347	179.025	1209.92	1388.94
81	0.452962	181.369	1210.69	1392.06
82	0.452842	183.541	1211.85	1395.39
83	0.452624	185.719	1213	1398.71
84	0.452671	187.89	1214.16	1402.05
85	0.45118	190.201	1215.01	1405.21
86	0.450272	192.449	1216.01	1408.46
87	0.45041	194.666	1217.07	1411.74
88	0.448445	197.045	1217.8	1414.84
89	0.448248	199.267	1218.85	1418.12
90	0.447477	201.608	1219.66	1421.27
91	0.44731	203.894	1220.59	1424.48
92	0.447345	206.066	1221.76	1427.82
93	0.447371	208.316	1222.76	1431.08
94	0.445521	210.672	1223.55	1434.22
95	0.445196	212.94	1224.53	1437.47
96	0.445174	215.117	1225.69	1440.8
97	0.445201	217.296	1226.84	1444.14
98	0.438385	220.446	1226.04	1446.48
99	0.437015	222.91	1226.63	1449.54
100	0.434616	225.46	1227.06	1452.52
101	0.432882	227.949	1227.62	1455.56
102	0.432657	230.182	1228.68	1458.87
103	0.432171	232.494	1229.6	1462.09
104	0.431343	234.801	1230.52	1465.32
105	0.431288	237.004	1231.65	1468.66
106	0.430454	239.37	1232.47	1471.84
107	0.430405	241.582	1233.58	1475.16
108	0.430402	243.78	1234.72	1478.5
109	0.42976	246.097	1235.63	1481.73
110	0.429546	248.345	1236.68	1485.03
111	0.423231	251.663	1235.69	1487.36
112	0.423213	253.876	1236.82	1490.69
113	0.420973	256.506	1237.15	1493.66
114	0.420711	258.761	1238.2	1496.96
115	0.420708	260.975	1239.32	1500.3
116	0.420713	263.191	1240.44	1503.63
117	0.420712	265.411	1241.56	1506.97
118	0.420467	267.643	1242.65	1510.29
119	0.420435	269.858	1243.77	1513.63
120	0.42034	272.075	1244.89	1516.96
121	0.418296	274.665	1245.32	1519.99
122	0.418142	276.903	1246.4	1523.31
123	0.417672	279.195	1247.39	1526.58
124	0.415791	281.695	1248	1529.69
125	0.414208	284.349	1248.33	1532.68
126	0.414117	286.582	1249.43	1536.01
127	0.413803	288.916	1250.35	1539.26
128	0.412667	291.392	1251.01	1542.4
129	0.411405	293.828	1251.75	1545.58
130	0.410012	296.384	1252.28	1548.66
131	0.409617	298.701	1253.23	1551.93
132	0.409388	301.058	1254.11	1555.17
133	0.409199	303.328	1255.15	1558.48
134	0.409002	305.582	1256.22	1561.8
135	0.408537	307.925	1257.13	1565.06
136	0.408029	310.245	1258.08	1568.33
137	0.406167	312.952	1258.37	1571.32
138	0.406127	315.191	1259.46	1574.65
139	0.40613	317.435	1260.55	1577.99
140	0.406093	319.675	1261.64	1581.32
141	0.403803	322.454	1261.82	1584.27
142	0.403307	324.802	1262.73	1587.53
143	0.400608	327.731	1262.66	1590.39
144	0.398778	330.328	1263.15	1593.48
145	0.397052	333.049	1263.44	1596.49
146	0.394147	335.88	1263.55	1599.43
147	0.394129	338.139	1264.63	1602.77
148	0.391999	340.92	1264.83	1605.75
149	0.391891	343.203	1265.86	1609.07
150	0.391019	345.68	1266.58	1612.26
151	0.391009	347.948	1267.64	1615.59
152	0.390615	350.34	1268.5	1618.84
153	0.390582	352.613	1269.55	1622.17
154	0.388882	355.423	1269.72	1625.15
155	0.38864	357.723	1270.74	1628.46
156	0.388334	360.055	1271.7	1631.75
157	0.388204	362.334	1272.75	1635.08
158	0.387757	364.712	1273.63	1638.35
159	0.387535	367.011	1274.65	1641.66
160	0.386937	369.402	1275.52	1644.92
161	0.385727	371.865	1276.27	1648.13
162	0.385037	374.232	1277.18	1651.41
163	0.38299	376.962	1277.5	1654.46
164	0.38163	379.493	1278.15	1657.64
165	0.381626	381.766	1279.21	1660.97
166	0.381202	384.138	1280.11	1664.25
167	0.381105	386.447	1281.12	1667.56
168	0.380819	388.769	1282.1	1670.87
169	0.380244	391.223	1282.88	1674.1
170	0.380171	393.508	1283.92	1677.43
171	0.380051	395.798	1284.96	1680.76
172	0.37984	398.131	1285.93	1684.06
173	0.379739	400.416	1286.97	1687.39
174	0.379754	402.695	1288.03	1690.72
175	0.378526	405.303	1288.56	1693.87
176	0.378414	407.597	1289.6	1697.19
177	0.377077	410.179	1290.18	1700.36
178	0.376908	412.514	1291.15	1703.66
179	0.376036	415.057	1291.79	1706.85
180	0.375902	417.376	1292.79	1710.16
181	0.375416	419.872	1293.51	1713.38
182	0.375296	422.186	1294.51	1716.7
183	0.375293	424.47	1295.56	1720.03
184	0.375277	426.756	1296.61	1723.36
185	0.374875	429.242	1297.35	1726.59
186	0.374749	431.584	1298.31	1729.89
187	0.374713	433.874	1299.35	1733.23
188	0.374507	436.234	1300.29	1736.52
189	0.374287	438.557	1301.28	1739.83
190	0.374269	440.847	1302.32	1743.17
191	0.374131	443.157	1303.33	1746.49
192	0.373548	445.622	1304.11	1749.73
193	0.37355	447.906	1305.16	1753.06
194	0.372342	450.543	1305.67	1756.22
195	0.371845	453.056	1306.38	1759.44
196	0.371521	455.47	1307.24	1762.71
197	0.371336	457.843	1308.16	1766
198	0.371236	460.157	1309.17	1769.32
199	0.371138	462.496	1310.14	1772.63
200	0.371149	464.789	1311.18	1775.96
