1.000000e+03 1.000000e-03 1.000000e+03
4.714926e+05 2.120924e-06 4.714926e+05
2.473036e+08 4.043613e-09 2.473036e+08
1.210066e+11 8.264015e-12 1.210066e+11
6.051722e+13 1.652422e-14 6.051722e+13
2.938784e+16 3.402768e-17 2.938784e+16
1.466682e+19 6.818112e-20 1.466682e+19
7.191908e+21 1.390452e-22 7.191908e+21
3.543018e+24 2.822453e-25 3.543018e+24
1.746787e+27 5.724797e-28 1.746787e+27
8.523464e+29 1.173232e-30 8.523464e+29
4.121379e+32 2.426373e-33 4.121379e+32
2.046037e+35 4.887497e-36 2.046037e+35
1.003733e+38 9.962811e-39 1.003733e+38
4.906730e+40 2.038017e-41 4.906730e+40
2.336534e+43 4.279843e-44 2.336534e+43
1.175247e+46 8.508851e-47 1.175247e+46
5.725590e+48 1.746545e-49 5.725590e+48
2.809318e+51 3.559583e-52 2.809318e+51
1.393475e+54 7.176306e-55 1.393475e+54
6.688912e+56 1.495012e-57 6.688912e+56
3.274670e+59 3.053743e-60 3.274670e+59
1.588760e+62 6.294216e-63 1.588760e+62
7.744509e+64 1.291237e-65 7.744509e+64
3.767921e+67 2.653983e-68 3.767921e+67
1.719590e+70 5.815341e-71 1.719590e+70
8.881350e+72 1.125955e-73 8.881350e+72
4.344016e+75 2.302017e-76 4.344016e+75
2.076332e+78 4.816186e-79 2.076332e+78
9.764522e+80 1.024116e-81 9.764522e+80
4.835131e+83 2.068196e-84 4.835131e+83
2.398063e+86 4.170033e-87 2.398063e+86
1.122900e+89 8.905511e-90 1.122900e+89
5.068811e+91 1.972849e-92 5.068811e+91
2.558229e+94 3.908955e-95 2.558229e+94
1.192830e+97 8.383422e-98 1.192830e+97
5.777428e+99 1.730874e-100 5.777428e+99
2.687153e+102 3.721411e-103 2.687153e+102
1.299053e+105 7.697916e-106 1.299053e+105
6.117172e+107 1.634742e-108 6.117172e+107
2.911453e+110 3.434711e-111 2.911453e+110
1.320405e+113 7.573435e-114 1.320405e+113
6.508587e+115 1.536432e-116 6.508587e+115
3.022674e+118 3.308329e-119 3.022674e+118
1.450524e+121 6.894059e-122 1.450524e+121
6.884191e+123 1.452603e-124 6.884191e+123
3.212235e+126 3.113097e-127 3.212235e+126
1.488482e+129 6.718254e-130 1.488482e+129
7.069965e+131 1.414434e-132 7.069965e+131
3.282426e+134 3.046527e-135 3.282426e+134
1.554702e+137 6.432102e-138 1.554702e+137
7.203770e+139 1.388162e-140 7.203770e+139
3.417542e+142 2.926080e-143 3.417542e+142
1.669925e+145 5.988292e-146 1.669925e+145
7.479926e+147 1.336912e-148 7.479926e+147
3.496189e+150 2.860258e-151 3.496189e+150
1.631359e+153 6.129859e-154 1.631359e+153
7.968999e+155 1.254863e-156 7.968999e+155
3.529991e+158 2.832868e-159 3.529991e+158
1.592254e+161 6.280405e-162 1.592254e+161
7.606726e+163 1.314626e-164 7.606726e+163
3.544405e+166 2.821348e-167 3.544405e+166
1.633444e+169 6.122034e-170 1.633444e+169
7.547724e+171 1.324903e-172 7.547724e+171
3.492207e+174 2.863519e-175 3.492207e+174
1.616709e+177 6.185405e-178 1.616709e+177
7.432054e+179 1.345523e-180 7.432054e+179
3.439617e+182 2.907300e-183 3.439617e+182
1.578642e+185 6.334557e-186 1.578642e+185
7.108257e+187 1.406815e-188 7.108257e+187
3.332562e+190 3.000695e-191 3.332562e+190
1.598588e+193 6.255522e-194 1.598588e+193
6.977319e+195 1.433215e-196 6.977319e+195
3.164574e+198 3.159983e-199 3.164574e+198
1.452297e+201 6.885644e-202 1.452297e+201
6.509339e+203 1.536254e-204 6.509339e+203
3.019290e+206 3.312037e-207 3.019290e+206
1.407767e+209 7.103449e-210 1.407767e+209
6.258394e+211 1.597854e-212 6.258394e+211
2.760770e+214 3.622177e-215 2.760770e+214
1.293279e+217 7.732285e-218 1.293279e+217
5.643438e+219 1.771970e-220 5.643438e+219
2.659800e+222 3.759681e-223 2.659800e+222
1.253215e+225 7.979478e-226 1.253215e+225
5.445723e+227 1.836304e-228 5.445723e+227
2.575533e+230 3.882691e-231 2.575533e+230
1.109285e+233 9.014818e-234 1.109285e+233
4.969739e+235 2.012178e-236 4.969739e+235
2.244653e+238 4.455031e-239 2.244653e+238
1.020912e+241 9.795164e-242 1.020912e+241
4.533100e+243 2.205996e-244 4.533100e+243
2.104570e+246 4.751564e-247 2.104570e+246
9.134854e+248 1.094708e-249 9.134854e+248
4.229770e+251 2.364195e-252 4.229770e+251
1.834732e+254 5.450388e-255 1.834732e+254
8.050693e+256 1.242129e-257 8.050693e+256
3.624651e+259 2.758886e-260 3.624651e+259
1.643430e+262 6.084836e-263 1.643430e+262
7.151186e+264 1.398369e-265 7.151186e+264
