1	1.00469	8.69204	12022.4	12031.1
2	0.917547	12.1759	11893.7	11905.9
3	0.91735	15.4453	11895.3	11910.8
4	0.788437	19.5342	11679.8	11699.3
5	0.788396	22.9439	11681.4	11704.3
6	0.535691	29.6076	11134.1	11163.7
7	0.535532	33.5305	11134.8	11168.4
8	0.40866	40.4201	10760.4	10800.9
9	0.408623	44.6938	10761.1	10805.8
10	0.405469	49.0641	10751.3	10800.4
11	0.405388	53.337	10751.8	10805.2
12	0.396401	57.9616	10722.3	10780.3
13	0.396397	62.2527	10723	10785.3
14	0.394855	66.611	10718.6	10785.3
15	0.394852	70.9003	10719.4	10790.3
16	0.378165	76.1073	10661.7	10737.8
17	0.377941	80.4612	10661.6	10742
18	0.326076	88.2697	10466.1	10554.4
19	0.325525	92.8386	10464.5	10557.4
20	0.294404	99.9087	10335.5	10435.4
21	0.29436	104.569	10335.7	10440.3
22	0.293055	109.345	10330.4	10439.7
23	0.293006	114.008	10330.6	10444.6
24	0.289862	118.99	10317.1	10436.1
25	0.289861	123.66	10317.5	10441.1
26	0.288983	128.431	10313.8	10442.2
27	0.288966	133.105	10314	10447.1
28	0.282273	138.56	10285.6	10424.2
29	0.281613	143.33	10283.4	10426.7
30	0.259405	150.985	10182.2	10333.2
31	0.259223	155.804	10181.7	10337.5
32	0.245423	162.667	10115.3	10278
33	0.245308	167.543	10115	10282.6
34	0.244453	172.561	10110.4	10283
35	0.244452	177.427	10110.5	10288
36	0.243255	182.497	10104.8	10287.3
37	0.243223	187.372	10104.8	10292.1
38	0.243115	192.267	10104.2	10296.5
39	0.2431	197.14	10104.3	10301.4
40	0.239408	202.661	10087.5	10290.1
41	0.239035	207.606	10086.1	10293.7
42	0.22514	215.288	10016.8	10232.1
43	0.224576	220.341	10014.4	10234.8
44	0.217323	226.92	9975.93	10202.9
45	0.217149	231.944	9975.19	10207.1
46	0.216701	237.055	9972.47	10209.5
47	0.216677	242.053	9972.38	10214.4
48	0.216142	247.177	9969.54	10216.7
49	0.216124	252.177	9969.46	10221.6
50	0.216082	257.19	9969.11	10226.3
51	0.215663	262.279	9967.19	10229.5
52	0.212251	268.107	9950.38	10218.5
53	0.212152	273.141	9949.96	10223.1
54	0.204214	280.277	9908.5	10188.8
55	0.204132	285.349	9908.07	10193.4
56	0.19782	292.24	9873.35	10165.6
57	0.197785	297.333	9873.11	10170.4
58	0.197005	302.658	9868.64	10171.3
59	0.197006	307.748	9868.54	10176.3
60	0.196685	312.932	9866.75	10179.7
61	0.196684	318.023	9866.65	10184.7
62	0.196395	323.212	9864.86	10188.1
63	0.196382	328.306	9864.71	10193
64	0.194185	334.07	9853.43	10187.5
65	0.19414	339.187	9853.07	10192.3
66	0.187506	346.507	9817.13	10163.6
67	0.186976	351.815	9814.25	10166.1
68	0.181983	358.726	9786.24	10145
69	0.181654	364.005	9784.3	10148.3
70	0.181525	369.23	9783.2	10152.4
71	0.181414	374.431	9782.5	10156.9
72	0.181379	379.612	9782.1	10161.7
73	0.181368	384.782	9781.87	10166.7
74	0.18129	389.977	9781.29	10171.3
75	0.181289	395.143	9781.11	10176.3
76	0.180017	400.751	9774.68	10175.4
77	0.179716	406.036	9772.93	10179
78	0.17371	413.62	9739.42	10153
79	0.173315	418.984	9737.03	10156
80	0.169065	425.971	9712.77	10138.7
81	0.16891	431.267	9711.63	10142.9
82	0.168375	436.748	9708.07	10144.8
83	0.168366	441.984	9707.77	10149.8
84	0.168022	447.362	9705.64	10153
85	0.168021	452.597	9705.39	10158
86	0.167987	457.845	9704.96	10162.8
87	0.16797	463.089	9704.59	10167.7
88	0.165929	469.196	9693.54	10162.7
89	0.165926	474.44	9693.29	10167.7
90	0.161166	481.887	9666.34	10148.2
91	0.161141	487.167	9665.92	10153.1
92	0.159042	493.417	9653.98	10147.4
93	0.158823	498.811	9652.33	10151.1
94	0.158518	504.252	9650.17	10154.4
95	0.158489	509.548	9649.71	10159.3
96	0.158035	515.029	9647.13	10162.2
97	0.158027	520.321	9646.74	10167.1
98	0.158005	525.615	9646.33	10171.9
99	0.15797	530.909	9645.91	10176.8
100	0.156321	536.943	9637.36	10174.3
101	0.156295	542.257	9636.81	10179.1
102	0.152932	549.263	9617.97	10167.2
103	0.152868	554.609	9617.24	10171.9
104	0.151395	560.719	9608.42	10169.1
105	0.151376	566.05	9607.93	10174
106	0.151247	571.444	9606.78	10178.2
107	0.151207	576.771	9606.35	10183.1
108	0.151156	582.108	9605.81	10187.9
109	0.151102	587.442	9605.3	10192.7
110	0.151101	592.761	9604.95	10197.7
111	0.151082	598.095	9604.45	10202.5
112	0.150195	603.87	9599.58	10203.4
113	0.150118	609.235	9598.81	10208
114	0.147973	615.792	9586.4	10202.2
115	0.147843	621.206	9585.26	10206.5
116	0.146062	627.609	9574.61	10202.2
117	0.146036	632.983	9573.96	10206.9
118	0.145757	638.512	9571.83	10210.3
119	0.145693	643.88	9571.25	10215.1
120	0.145676	649.232	9570.82	10220
121	0.145668	654.579	9570.43	10225
122	0.145634	659.939	9569.92	10229.9
123	0.145591	665.308	9569.34	10234.6
124	0.145132	670.944	9566.33	10237.3
125	0.145111	676.299	9565.89	10242.2
126	0.143654	682.515	9557.76	10240.3
127	0.143528	687.953	9556.65	10244.6
128	0.141916	694.352	9547.07	10241.4
129	0.141765	699.838	9545.61	10245.4
130	0.141714	705.246	9544.85	10250.1
131	0.14165	710.66	9544.03	10254.7
132	0.141624	716.035	9543.56	10259.6
133	0.141574	721.425	9542.95	10264.4
134	0.141507	726.837	9542.17	10269
135	0.141505	732.203	9541.78	10274
136	0.140801	738.042	9537.43	10275.5
137	0.140607	743.519	9536.15	10279.7
138	0.139268	749.787	9528.34	10278.1
139	0.139195	755.221	9527.47	10282.7
140	0.138336	761.208	9522.1	10283.3
141	0.138283	766.635	9521.32	10288
142	0.138075	772.179	9519.61	10291.8
143	0.138071	777.56	9519.21	10296.8
144	0.137838	783.08	9517.71	10300.8
145	0.137818	788.478	9517.19	10305.7
146	0.137812	793.866	9516.75	10310.6
147	0.137757	799.275	9516.14	10315.4
148	0.137057	805.17	9511.77	10316.9
149	0.136891	810.658	9510.58	10321.2
150	0.13569	816.899	9503.63	10320.5
151	0.13556	822.397	9502.42	10324.8
152	0.134121	828.796	9494.38	10323.2
153	0.133962	834.345	9492.84	10327.2
154	0.133691	839.947	9490.91	10330.9
155	0.133426	845.543	9489.04	10334.6
156	0.133365	850.978	9488.39	10339.4
157	0.133358	856.382	9487.96	10344.3
158	0.133344	861.793	9487.49	10349.3
159	0.13334	867.196	9487.07	10354.3
160	0.132728	872.993	9483.79	10356.8
161	0.132711	878.416	9483.25	10361.7
162	0.131812	884.495	9478	10362.5
163	0.131777	889.934	9477.36	10367.3
164	0.130735	896.131	9471.35	10367.5
165	0.130205	901.961	9467.98	10369.9
166	0.130162	907.44	9467.12	10374.6
167	0.129884	913.11	9464.92	10378
168	0.129827	918.565	9464.24	10382.8
169	0.129601	924.154	9462.63	10386.8
170	0.129595	929.577	9462.17	10391.7
171	0.129598	935	9461.72	10396.7
172	0.129257	940.656	9459.68	10400.3
173	0.129261	946.077	9459.24	10405.3
174	0.128038	952.495	9452.08	10404.6
175	0.127981	957.967	9451.34	10409.3
176	0.127689	963.654	9449.16	10412.8
177	0.127595	969.178	9448.09	10417.3
178	0.127325	974.86	9445.97	10420.8
179	0.127261	980.378	9444.95	10425.3
180	0.127263	985.809	9444.5	10430.3
181	0.127253	991.26	9443.92	10435.2
182	0.127212	996.717	9443.31	10440
183	0.126985	1002.3	9441.85	10444.2
184	0.126675	1008.05	9439.4	10447.4
185	0.126678	1013.49	9438.93	10452.4
186	0.125566	1019.86	9432.49	10452.3
187	0.125532	1025.32	9431.92	10457.2
188	0.125093	1031.22	9428.53	10459.8
189	0.125043	1036.74	9427.58	10464.3
190	0.124987	1042.24	9426.79	10469
191	0.124978	1047.68	9426.3	10474
192	0.124961	1053.16	9425.62	10478.8
193	0.12495	1058.61	9425.12	10483.7
194	0.124953	1064.06	9424.61	10488.7
195	0.124951	1069.53	9424.01	10493.5
196	0.124417	1075.45	9420.62	10496.1
197	0.124417	1080.9	9420.13	10501
198	0.12355	1087.21	9414.43	10501.6
199	0.12355	1092.66	9413.97	10506.6
200	0.123186	1098.41	9411.7	10510.1
