1	1.02014	8.67001	12044.4	12053.1
2	0.93629	12.1176	11922.9	11935.1
3	0.936043	15.3581	11924.5	11939.9
4	0.810358	19.3764	11719.3	11738.7
5	0.810349	22.7465	11721.1	11743.8
6	0.566714	29.1292	11214.3	11243.4
7	0.566491	32.9734	11215	11247.9
8	0.450262	39.3456	10895.8	10935.2
9	0.450257	43.4841	10896.7	10940.2
10	0.447629	47.6951	10889.6	10937.3
11	0.447521	51.8316	10890.2	10942
12	0.439635	56.2474	10866.9	10923.1
13	0.439629	60.3958	10867.7	10928.1
14	0.437981	64.6094	10863.6	10928.2
15	0.43798	68.7556	10864.5	10933.3
16	0.421909	73.7041	10814.3	10888
17	0.421597	77.9112	10814.1	10892.1
18	0.372488	85.0527	10648	10733.1
19	0.372011	89.4341	10647.1	10736.6
20	0.34518	95.7218	10549	10644.8
21	0.345152	100.171	10549.5	10649.7
22	0.344165	104.697	10546.3	10651
23	0.344077	109.151	10546.6	10655.8
24	0.341306	113.848	10536.5	10650.4
25	0.341279	118.306	10537	10655.3
26	0.340149	122.875	10533	10655.9
27	0.340134	127.334	10533.5	10660.9
28	0.334339	132.383	10512.4	10644.8
29	0.333505	136.941	10510.1	10647
30	0.315543	143.5	10439.2	10582.7
31	0.315508	148.051	10439.6	10587.6
32	0.304734	153.971	10395.8	10549.8
33	0.304657	158.568	10396	10554.6
34	0.303704	163.305	10391.9	10555.2
35	0.303678	167.904	10392.2	10560.1
36	0.302881	172.614	10389.2	10561.8
37	0.302862	177.213	10389.5	10566.7
38	0.3028	181.82	10389.6	10571.4
39	0.302798	186.416	10390	10576.4
40	0.300007	191.424	10379.6	10571.1
41	0.299635	196.079	10378.7	10574.8
42	0.288523	202.583	10332	10534.6
43	0.288015	207.312	10330.5	10537.8
44	0.283157	212.879	10309.1	10522
45	0.282968	217.581	10308.7	10526.3
46	0.2826	222.336	10307.2	10529.5
47	0.282552	227.018	10307.3	10534.3
48	0.282203	231.762	10306.1	10537.9
49	0.282153	236.447	10306.2	10542.7
50	0.282117	241.133	10306.3	10547.4
51	0.281351	245.955	10303.6	10549.5
52	0.278121	251.295	10290.5	10541.8
53	0.27812	255.985	10290.8	10546.8
54	0.272331	261.957	10266.1	10528
55	0.272316	266.672	10266.3	10533
56	0.267133	272.642	10242.9	10515.5
57	0.267132	277.378	10243.2	10520.5
58	0.266146	282.359	10238.9	10521.3
59	0.26611	287.111	10239	10526.1
60	0.265929	291.894	10238.4	10530.3
61	0.265929	296.634	10238.7	10535.3
62	0.265358	301.529	10236.3	10537.8
63	0.265355	306.271	10236.5	10542.8
64	0.263453	311.494	10228.8	10540.3
65	0.26345	316.244	10229	10545.2
66	0.258205	322.455	10205.6	10528.1
67	0.25752	327.407	10202.9	10530.4
68	0.253271	333.429	10183.6	10517
69	0.252823	338.352	10181.7	10520.1
70	0.252798	343.16	10181.7	10524.9
71	0.252582	348.012	10181	10529
72	0.252572	352.808	10181.2	10534
73	0.252548	357.609	10181.3	10538.9
74	0.252397	362.443	10180.9	10543.3
75	0.252392	367.239	10181.1	10548.3
76	0.251677	372.226	10178.5	10550.8
77	0.251263	377.149	10177	10554.1
78	0.245666	383.829	10151.2	10535
79	0.245143	388.826	10148.9	10537.8
80	0.241261	394.989	10131	10526
81	0.241144	399.874	10130.6	10530.5
82	0.240518	404.963	10127.5	10532.4
83	0.240516	409.807	10127.6	10537.4
84	0.24019	414.769	10126.2	10541
85	0.240184	419.618	10126.4	10546
86	0.240167	424.469	10126.4	10550.9
87	0.240105	429.338	10126.3	10555.6
88	0.237696	435.036	10115.9	10550.9
89	0.237634	439.904	10115.9	10555.8
90	0.233635	446.336	10096.9	10543.2
91	0.233635	451.208	10097	10548.2
92	0.232588	456.491	10092.3	10548.8
93	0.232319	461.487	10091	10552.5
94	0.232098	466.463	10090	10556.4
95	0.232065	471.355	10089.9	10561.3
96	0.231332	476.51	10086.9	10563.4
97	0.231278	481.422	10086.7	10568.1
98	0.231232	486.323	10086.5	10572.9
99	0.231179	491.223	10086.5	10577.7
100	0.22966	496.677	10080.3	10577
101	0.229636	501.583	10080.2	10581.8
102	0.227049	507.596	10068.1	10575.7
103	0.227031	512.504	10068.1	10580.6
104	0.22631	517.739	10064.7	10582.4
105	0.226311	522.642	10064.7	10587.4
106	0.226264	527.568	10064.6	10592.2
107	0.226125	532.512	10064.2	10596.8
108	0.226086	537.428	10064.2	10601.6
109	0.225993	542.364	10063.9	10606.3
110	0.225982	547.276	10063.9	10611.2
111	0.225914	552.22	10063.6	10615.8
112	0.225205	557.428	10060.7	10618.1
113	0.225124	562.375	10060.4	10622.7
114	0.223675	568	10053.4	10621.4
115	0.223562	572.97	10052.9	10625.9
116	0.222184	578.588	10046.2	10624.8
117	0.222184	583.513	10046.2	10629.8
118	0.221919	588.582	10044.9	10633.5
119	0.221685	593.6	10044	10637.6
120	0.221683	598.522	10044.1	10642.6
121	0.221671	603.449	10044.1	10647.6
122	0.221582	608.406	10043.9	10652.3
123	0.221495	613.374	10043.5	10656.9
124	0.22128	618.427	10042.4	10660.8
125	0.221278	623.35	10042.4	10665.8
126	0.220535	628.636	10039.3	10667.9
127	0.220452	633.609	10038.9	10672.5
128	0.219166	639.242	10032.7	10672
129	0.219006	644.281	10031.8	10676.1
130	0.218998	649.222	10031.8	10681
131	0.218911	654.207	10031.4	10685.6
132	0.218908	659.141	10031.5	10690.6
133	0.218793	664.128	10031.1	10695.2
134	0.218599	669.173	10030.2	10699.3
135	0.218595	674.11	10030.2	10704.3
136	0.218019	679.384	10027.4	10706.8
137	0.217717	684.464	10026.3	10710.7
138	0.217049	689.789	10023.1	10712.9
139	0.217014	694.76	10022.9	10717.7
140	0.216601	699.954	10020.9	10720.8
141	0.216584	704.911	10020.8	10725.7
142	0.216388	709.98	10019.8	10729.8
143	0.21634	714.944	10019.7	10734.6
144	0.215897	720.123	10017.9	10738
145	0.21584	725.107	10017.6	10742.7
146	0.215828	730.059	10017.6	10747.6
147	0.215689	735.069	10017.1	10752.2
148	0.215058	740.414	10014.1	10754.5
149	0.214805	745.502	10013	10758.5
150	0.214152	750.85	10010	10760.9
151	0.214035	755.881	10009.4	10765.3
152	0.212823	761.551	10004	10765.6
153	0.212629	766.658	10002.9	10769.6
154	0.212319	771.807	10001.5	10773.3
155	0.211817	777.071	9999.27	10776.3
156	0.211744	782.065	9999.05	10781.1
157	0.211715	787.034	9999.02	10786.1
158	0.211681	792.012	9998.92	10790.9
159	0.21168	796.973	9998.95	10795.9
160	0.211105	802.246	9996.71	10799
161	0.211103	807.217	9996.68	10803.9
162	0.21068	812.47	9994.62	10807.1
163	0.210676	817.437	9994.62	10812.1
164	0.209878	822.895	9991.15	10814
165	0.208943	828.454	9986.99	10815.4
166	0.208941	833.441	9986.9	10820.3
167	0.208436	838.792	9984.26	10823
168	0.208374	843.802	9984.02	10827.8
169	0.207917	849.08	9981.93	10831
170	0.207907	854.061	9981.9	10836
171	0.207893	859.054	9981.79	10840.8
172	0.207673	864.153	9980.97	10845.1
173	0.207679	869.141	9980.9	10850
174	0.206762	874.781	9976.43	10851.2
175	0.206714	879.794	9976.21	10856
176	0.206684	884.8	9976.05	10860.8
177	0.206546	889.892	9975.32	10865.2
178	0.206182	895.158	9973.43	10868.6
179	0.20608	900.259	9972.66	10872.9
180	0.206076	905.254	9972.58	10877.8
181	0.206021	910.3	9972.18	10882.5
182	0.205933	915.341	9971.81	10887.1
183	0.205506	920.615	9969.94	10890.6
184	0.205297	925.795	9968.69	10894.5
185	0.205272	930.812	9968.49	10899.3
186	0.204431	936.398	9964.67	10901.1
187	0.204414	941.393	9964.64	10906
188	0.204268	946.552	9963.56	10910.1
189	0.204218	951.619	9963.08	10914.7
190	0.204194	956.623	9962.99	10919.6
191	0.204121	961.67	9962.64	10924.3
192	0.204028	966.765	9962	10928.8
193	0.204024	971.759	9961.98	10933.7
194	0.204026	976.76	9961.91	10938.7
195	0.203973	981.822	9961.48	10943.3
196	0.203422	987.217	9959.01	10946.2
197	0.203395	992.238	9958.85	10951.1
198	0.202846	997.744	9955.74	10953.5
199	0.202841	1002.75	9955.69	10958.4
200	0.202708	1007.83	9955.15	10963
