1	0.292553	10.4699	10242.8	10253.3
2	0.254157	15.8738	10041.1	10057
3	0.254089	20.9924	10040.8	10061.8
4	0.192414	27.6437	9644.25	9671.89
5	0.19239	33.0815	9643.74	9676.83
6	0.161808	39.9529	9399.52	9439.47
7	0.161792	45.5981	9398.81	9444.41
8	0.14158	52.7066	9212.34	9265.05
9	0.141528	58.5194	9211.11	9269.63
10	0.1277	65.7178	9069.3	9135.02
11	0.127667	71.6569	9068.07	9139.73
12	0.11847	78.7947	8965.39	9044.18
13	0.118399	84.8315	8963.64	9048.47
14	0.111026	92.0523	8875.97	8968.02
15	0.110978	98.1672	8874.32	8972.49
16	0.104508	105.517	8794.17	8899.68
17	0.104459	111.705	8792.45	8904.15
18	0.0992259	119.076	8723.83	8842.9
19	0.0991165	125.343	8721.26	8846.6
20	0.0947498	132.719	8662.2	8794.92
21	0.0946769	139.034	8660.02	8799.05
22	0.0908946	146.449	8606.75	8753.2
23	0.0908505	152.808	8604.81	8757.62
24	0.087485	160.256	8556.41	8716.67
25	0.087459	166.654	8554.71	8721.37
26	0.0846018	174.083	8512.29	8686.38
27	0.0845586	180.527	8510.26	8690.79
28	0.0820213	187.969	8471.61	8659.58
29	0.0819634	194.453	8469.41	8663.86
30	0.0795855	201.955	8432.25	8634.21
31	0.0795378	208.472	8430.11	8638.58
32	0.0774396	215.951	8396.92	8612.87
33	0.07739	222.498	8394.77	8617.27
34	0.0754289	230.034	8362.56	8592.6
35	0.0753736	236.616	8360.23	8596.85
36	0.0735369	244.163	8330.17	8574.34
37	0.0734867	250.768	8327.97	8578.74
38	0.0718458	258.312	8300.14	8558.45
39	0.0717806	264.954	8297.64	8562.59
40	0.0702686	272.499	8271.68	8544.18
41	0.0702007	279.166	8269.14	8548.3
42	0.0687156	286.772	8243.35	8530.12
43	0.0686337	293.473	8240.57	8534.04
44	0.0673465	301.021	8217.72	8518.74
45	0.0672781	307.736	8215.11	8522.85
46	0.0659179	315.404	8190.9	8506.3
47	0.0658589	322.136	8188.4	8510.54
48	0.0646179	329.772	8166.21	8495.98
49	0.0645402	336.539	8163.42	8499.96
50	0.0633873	344.186	8142.17	8486.36
51	0.0632866	350.991	8139.02	8490.02
52	0.0621889	358.634	8118.94	8477.58
53	0.0620731	365.469	8115.58	8481.05
54	0.0610092	373.155	8095.66	8468.81
55	0.0609328	379.988	8092.71	8472.7
56	0.0599135	387.685	8073.53	8461.21
57	0.0598282	394.544	8070.44	8464.98
58	0.0588865	402.214	8052.61	8454.82
59	0.0588137	409.08	8049.7	8458.78
60	0.0579424	416.748	8032.67	8449.42
61	0.057877	423.632	8029.74	8453.37
62	0.0570477	431.286	8013.66	8444.94
63	0.0569807	438.178	8010.84	8449.02
64	0.0562009	445.842	7995.23	8441.07
65	0.0561469	452.747	7992.44	8445.19
66	0.0553542	460.451	7976.77	8437.22
67	0.0553065	467.361	7974.14	8441.5
68	0.0545405	475.081	7958.79	8433.87
69	0.0544974	482.004	7956.16	8438.17
70	0.053756	489.73	7941.27	8431
71	0.0537246	496.652	7938.86	8435.51
72	0.0529995	504.4	7924.15	8428.55
73	0.0529689	511.334	7921.73	8433.06
74	0.0523088	519.05	7907.98	8427.03
75	0.0522709	526.007	7905.4	8431.41
76	0.0516457	533.712	7892.24	8425.96
77	0.0516003	540.692	7889.49	8430.19
78	0.0510657	548.3	7878.09	8426.39
79	0.0510327	555.272	7875.58	8430.85
80	0.0505018	562.927	7863.86	8426.79
81	0.0504592	569.929	7861.09	8431.02
82	0.0499574	577.559	7850.05	8427.61
83	0.0499219	584.565	7847.35	8431.92
84	0.0494103	592.222	7836.26	8428.48
85	0.0493913	599.21	7833.91	8433.12
86	0.048916	606.853	7823.3	8430.15
87	0.0489008	613.852	7820.91	8434.77
88	0.048429	621.51	7810.39	8431.9
89	0.0484137	628.515	7808.02	8436.54
90	0.0478967	636.26	7796.71	8432.97
91	0.0478844	643.269	7794.41	8437.68
92	0.0473614	651.024	7783.26	8434.28
93	0.047349	658.046	7780.9	8438.94
94	0.0468138	665.863	7769.29	8435.15
95	0.0468026	672.889	7766.98	8439.87
96	0.0462643	680.718	7755.52	8436.23
97	0.0462529	687.753	7753.2	8440.95
98	0.0457743	695.538	7742.49	8438.03
99	0.0457687	702.577	7740.22	8442.8
100	0.0452981	710.343	7729.96	8440.3
101	0.0452876	717.397	7727.6	8445
102	0.0448395	725.167	7717.52	8442.69
103	0.0448223	732.245	7714.98	8447.23
104	0.0443874	740.015	7705.12	8445.14
105	0.0443734	747.091	7702.69	8449.78
106	0.0439202	754.901	7692.6	8447.5
107	0.0439123	761.974	7690.27	8452.25
108	0.0434954	769.76	7680.64	8450.4
109	0.0434879	776.847	7678.24	8455.08
110	0.043129	784.563	7669.5	8454.06
111	0.0431189	791.656	7667.1	8458.75
112	0.0427907	799.307	7659.17	8458.47
113	0.0427771	806.411	7656.71	8463.12
114	0.0424222	814.149	7648.07	8462.22
115	0.0424088	821.262	7645.58	8466.85
116	0.0420491	829.006	7637.04	8466.04
117	0.042032	836.131	7634.5	8470.63
118	0.0416803	843.888	7625.98	8469.87
119	0.0416606	851.024	7623.4	8474.42
120	0.0413435	858.718	7615.61	8474.32
121	0.0413223	865.861	7613.01	8478.87
122	0.0410113	873.572	7605.2	8478.77
123	0.0409874	880.726	7602.55	8483.28
124	0.0407044	888.387	7595.31	8483.7
125	0.0406834	895.539	7592.74	8488.27
126	0.0403917	903.234	7585.3	8488.54
127	0.0403715	910.389	7582.75	8493.14
128	0.04008	918.113	7575.18	8493.29
129	0.0400606	925.275	7572.6	8497.88
130	0.0397877	932.945	7565.61	8498.56
131	0.0397637	940.117	7562.99	8503.11
132	0.0395031	947.815	7555.86	8503.68
133	0.0394795	954.99	7553.26	8508.25
134	0.0392291	962.665	7546.43	8509.1
135	0.0392079	969.839	7543.87	8513.71
136	0.0389602	977.523	7537.06	8514.59
137	0.0389345	984.712	7534.41	8519.13
138	0.0386722	992.436	7527.37	8519.8
139	0.0386541	999.609	7524.9	8524.5
140	0.0383984	1007.33	7517.95	8525.28
141	0.0383772	1014.52	7515.36	8529.88
142	0.0381058	1022.28	7508.22	8530.51
143	0.0380848	1029.47	7505.7	8535.17
144	0.0378187	1037.23	7498.62	8535.85
145	0.0377985	1044.43	7496.06	8540.49
146	0.0375363	1052.18	7489.19	8541.36
147	0.0375172	1059.37	7486.66	8546.04
148	0.0372633	1067.12	7479.87	8546.99
149	0.0372397	1074.33	7477.31	8551.64
150	0.0369908	1082.08	7470.59	8552.67
151	0.0369683	1089.3	7467.96	8557.26
152	0.0367281	1097	7461.65	8558.65
153	0.0367081	1104.22	7459.11	8563.32
154	0.0364769	1111.91	7452.93	8564.85
155	0.0364544	1119.13	7450.37	8569.5
156	0.0362413	1126.81	7444.38	8571.19
157	0.0362101	1134.06	7441.63	8575.69
158	0.0360117	1141.71	7435.96	8577.67
159	0.0359851	1148.95	7433.25	8582.2
160	0.0357852	1156.6	7427.65	8584.25
161	0.0357573	1163.84	7424.99	8588.83
162	0.0355667	1171.47	7419.55	8591.02
163	0.0355388	1178.73	7416.83	8595.56
164	0.0353547	1186.37	7411.37	8597.74
165	0.0353351	1193.6	7408.82	8602.42
166	0.0351468	1201.27	7403.23	8604.5
167	0.0351197	1208.52	7400.58	8609.1
168	0.0349398	1216.15	7395.29	8611.44
169	0.0349097	1223.41	7392.62	8616.03
170	0.0347283	1231.08	7387.12	8618.2
171	0.0347027	1238.33	7384.53	8622.86
172	0.0345338	1245.97	7379.29	8625.26
173	0.0345135	1253.2	7376.82	8630.03
174	0.0343493	1260.84	7371.66	8632.49
175	0.0343278	1268.09	7369.1	8637.19
176	0.0341694	1275.74	7363.87	8639.61
177	0.0341539	1282.97	7361.43	8644.4
178	0.034005	1290.59	7356.46	8647.05
179	0.0339873	1297.84	7353.98	8651.81
180	0.0338326	1305.5	7348.72	8654.23
181	0.0338164	1312.75	7346.27	8659.02
182	0.0336638	1320.4	7341.12	8661.52
183	0.0336417	1327.66	7338.59	8666.25
184	0.0334868	1335.37	7333.16	8668.53
185	0.0334623	1342.64	7330.57	8673.21
186	0.0333201	1350.29	7325.56	8675.85
187	0.0332979	1357.55	7323.04	8680.59
188	0.0331508	1365.26	7317.7	8682.96
189	0.0331308	1372.52	7315.2	8687.72
190	0.0329914	1380.2	7310.06	8690.26
191	0.0329697	1387.47	7307.52	8694.99
192	0.0328092	1395.21	7302.08	8697.29
193	0.0327923	1402.47	7299.63	8702.09
194	0.0326489	1410.16	7294.51	8704.67
195	0.0326268	1417.42	7292.02	8709.44
196	0.0324874	1425.11	7287	8712.1
197	0.0324651	1432.38	7284.48	8716.86
198	0.0323119	1440.13	7279.09	8719.22
199	0.032297	1447.4	7276.64	8724.03
200	0.0321571	1455.05	7271.88	8726.93
