1	0.443821	6.55671	1086.2	1092.75
2	0.443541	9.30701	1086.99	1096.29
3	0.425546	12.1409	1082.05	1094.19
4	0.423729	14.8382	1082.27	1097.11
5	0.333221	19.0114	1051.11	1070.12
6	0.332166	21.9633	1051.32	1073.28
7	0.325283	25.0703	1049.01	1074.08
8	0.325271	28.0091	1049.47	1077.48
9	0.321034	31.0755	1048.29	1079.36
10	0.31994	34.062	1048.21	1082.27
11	0.312643	37.2843	1045.78	1083.06
12	0.31261	40.2422	1046.2	1086.45
13	0.311401	43.2455	1046.2	1089.44
14	0.307823	46.3442	1045.44	1091.78
15	0.306683	49.3767	1045.3	1094.68
16	0.306399	52.3567	1045.59	1097.94
17	0.306309	55.3369	1045.87	1101.2
18	0.306164	58.3072	1046.21	1104.52
19	0.305871	61.2743	1046.56	1107.84
20	0.305771	64.2356	1046.95	1111.18
21	0.304353	67.3293	1046.56	1113.89
22	0.303976	70.3143	1046.83	1117.15
23	0.302403	73.3883	1046.63	1120.01
24	0.300291	76.5105	1046.21	1122.72
25	0.299222	79.5642	1046.18	1125.74
26	0.297928	82.6476	1046.02	1128.67
27	0.297619	85.699	1046.05	1131.75
28	0.295601	88.8114	1045.81	1134.62
29	0.295608	91.7942	1046.18	1137.97
30	0.293925	94.9649	1045.73	1140.69
31	0.29394	97.9574	1046.07	1144.02
32	0.293908	100.944	1046.43	1147.37
33	0.293366	103.967	1046.64	1150.61
34	0.291478	107.121	1046.35	1153.47
35	0.28864	110.413	1045.54	1155.96
36	0.287718	113.496	1045.57	1159.07
37	0.28714	116.573	1045.64	1162.21
38	0.286661	119.644	1045.74	1165.38
39	0.286681	122.668	1046.01	1168.68
40	0.286646	125.68	1046.32	1172
41	0.286179	128.737	1046.48	1175.22
42	0.286058	131.744	1046.81	1178.56
43	0.285576	134.816	1046.93	1181.75
44	0.285457	137.829	1047.24	1185.07
45	0.284875	140.907	1047.35	1188.26
46	0.284174	143.976	1047.49	1191.47
47	0.280074	147.666	1045.7	1193.36
48	0.279761	150.723	1045.91	1196.63
49	0.278151	153.998	1045.46	1199.46
50	0.277938	157.048	1045.71	1202.76
51	0.277919	160.08	1046.01	1206.09
52	0.277827	163.109	1046.32	1209.43
53	0.27785	166.136	1046.64	1212.77
54	0.274765	169.621	1045.65	1215.27
55	0.273667	172.873	1045.34	1218.22
56	0.27358	175.923	1045.62	1221.54
57	0.272331	179.108	1045.52	1224.63
58	0.272178	182.175	1045.75	1227.92
59	0.272098	185.232	1046.01	1231.24
60	0.272096	188.281	1046.29	1234.57
61	0.271391	191.482	1046.17	1237.65
62	0.271413	194.548	1046.41	1240.95
63	0.271119	197.648	1046.56	1244.21
64	0.270774	200.749	1046.71	1247.46
65	0.27024	203.894	1046.75	1250.65
66	0.269823	207.026	1046.83	1253.86
67	0.266945	210.64	1045.72	1256.36
68	0.266895	213.714	1045.96	1259.67
69	0.266905	216.769	1046.24	1263.01
70	0.266519	219.939	1046.25	1266.19
71	0.266524	223.004	1046.52	1269.52
72	0.266523	226.059	1046.8	1272.86
73	0.266524	229.115	1047.09	1276.21
74	0.266513	232.17	1047.38	1279.55
75	0.26629	235.276	1047.55	1282.82
76	0.266225	238.348	1047.8	1286.14
77	0.265212	241.704	1047.39	1289.1
78	0.265229	244.806	1047.58	1292.39
79	0.265232	247.873	1047.85	1295.72
80	0.265153	250.938	1048.12	1299.05
81	0.264277	254.126	1048.11	1302.24
82	0.264253	257.218	1048.32	1305.54
83	0.264245	260.281	1048.6	1308.88
84	0.264241	263.369	1048.82	1312.19
85	0.262225	266.899	1048.08	1314.98
86	0.261746	270.052	1048.17	1318.22
87	0.26159	273.142	1048.4	1321.54
88	0.260769	276.366	1048.34	1324.7
89	0.260763	279.438	1048.6	1328.04
90	0.260685	282.573	1048.74	1331.31
91	0.260535	285.725	1048.83	1334.56
92	0.260148	288.839	1049.01	1337.85
93	0.26013	291.916	1049.27	1341.19
94	0.258024	295.487	1048.51	1344
95	0.257546	298.752	1048.38	1347.14
96	0.257535	301.845	1048.62	1350.46
97	0.257412	304.942	1048.84	1353.78
98	0.254002	308.894	1047.34	1356.23
99	0.253772	312.06	1047.43	1359.49
100	0.25277	315.419	1047.14	1362.56
101	0.252404	318.588	1047.24	1365.82
102	0.252086	321.787	1047.27	1369.06
103	0.251905	324.982	1047.31	1372.3
104	0.251103	328.294	1047.13	1375.43
105	0.2511	331.389	1047.38	1378.77
106	0.250471	334.676	1047.25	1381.92
107	0.250357	337.803	1047.43	1385.24
108	0.250338	340.905	1047.67	1388.57
109	0.250306	344.006	1047.9	1391.91
110	0.250262	347.116	1048.12	1395.23
111	0.247882	350.909	1047.04	1397.94
112	0.247877	354.03	1047.24	1401.27
113	0.247024	357.391	1046.99	1404.38
114	0.246839	360.549	1047.12	1407.67
115	0.24684	363.657	1047.35	1411.01
116	0.246844	366.763	1047.58	1414.35
117	0.24677	369.915	1047.73	1417.65
118	0.246397	373.161	1047.71	1420.87
119	0.246381	376.293	1047.89	1424.18
120	0.246268	379.431	1048.07	1427.5
121	0.245587	382.783	1047.85	1430.63
122	0.245442	385.945	1047.98	1433.93
123	0.245195	389.151	1048.04	1437.19
124	0.243693	392.801	1047.29	1440.09
125	0.242933	396.196	1047.01	1443.21
126	0.242819	399.385	1047.1	1446.49
127	0.242463	402.695	1046.98	1449.67
128	0.241541	406.246	1046.43	1452.67
129	0.241219	409.457	1046.49	1455.94
130	0.240574	412.817	1046.28	1459.1
131	0.240583	415.944	1046.49	1462.43
132	0.240486	419.171	1046.52	1465.69
133	0.240208	422.399	1046.56	1468.95
134	0.239864	425.682	1046.49	1472.18
135	0.239581	428.912	1046.52	1475.44
136	0.239092	432.254	1046.36	1478.62
137	0.237799	435.996	1045.51	1481.51
138	0.237807	439.131	1045.71	1484.84
139	0.237757	442.302	1045.85	1488.15
140	0.237742	445.438	1046.05	1491.49
141	0.236976	448.892	1045.71	1494.6
142	0.236656	452.156	1045.69	1497.85
143	0.235736	455.722	1045.16	1500.88
144	0.234813	459.166	1044.84	1504.01
145	0.234118	462.66	1044.45	1507.1
146	0.2326	466.384	1043.66	1510.04
147	0.232585	469.548	1043.82	1513.37
148	0.23172	473.043	1043.43	1516.47
149	0.23169	476.199	1043.61	1519.81
150	0.231382	479.444	1043.64	1523.08
151	0.231388	482.603	1043.81	1526.41
152	0.231278	485.811	1043.9	1529.71
153	0.231281	488.97	1044.07	1533.04
154	0.230483	492.583	1043.5	1536.08
155	0.230081	495.91	1043.4	1539.31
156	0.2299	499.15	1043.44	1542.59
157	0.229657	502.432	1043.41	1545.85
158	0.229276	505.786	1043.27	1549.06
159	0.22891	509.158	1043.1	1552.26
160	0.228263	512.623	1042.78	1555.41
161	0.227147	516.295	1042.13	1558.42
162	0.226619	519.612	1042.05	1561.67
163	0.225269	523.475	1041.1	1564.58
164	0.224193	527.202	1040.37	1567.57
165	0.224184	530.394	1040.5	1570.9
166	0.223958	533.703	1040.45	1574.15
167	0.223784	537.001	1040.41	1577.41
168	0.223478	540.312	1040.35	1580.67
169	0.223155	543.709	1040.16	1583.87
170	0.223069	546.95	1040.22	1587.17
171	0.22298	550.151	1040.34	1590.49
172	0.222673	553.512	1040.21	1593.72
173	0.222512	556.753	1040.27	1597.02
174	0.22242	560.006	1040.31	1600.31
175	0.221466	563.768	1039.55	1603.32
176	0.221395	566.976	1039.66	1606.64
177	0.220551	570.593	1039.13	1609.73
178	0.220526	573.802	1039.25	1613.05
179	0.220227	577.127	1039.18	1616.31
180	0.220004	580.456	1039.11	1619.56
181	0.219827	583.778	1039.05	1622.82
182	0.219795	586.973	1039.18	1626.16
183	0.219794	590.162	1039.33	1629.49
184	0.219786	593.359	1039.46	1632.82
185	0.219629	596.674	1039.41	1636.09
186	0.219617	599.874	1039.54	1639.42
187	0.219579	603.084	1039.65	1642.74
188	0.219408	606.428	1039.56	1645.99
189	0.219118	609.76	1039.49	1649.25
190	0.219113	612.953	1039.63	1652.58
191	0.218864	616.292	1039.55	1655.84
192	0.218686	619.594	1039.52	1659.12
193	0.218688	622.785	1039.67	1662.45
194	0.218065	626.306	1039.31	1665.62
195	0.217881	629.622	1039.27	1668.89
196	0.217516	633.166	1038.88	1672.05
197	0.21743	636.438	1038.9	1675.34
198	0.217399	639.648	1039.02	1678.67
199	0.217354	642.918	1039.05	1681.97
200	0.217362	646.133	1039.16	1685.29
