1	0.539998	6.27157	1114.99	1121.27
2	0.527453	8.80003	1112.84	1121.64
3	0.524872	11.2308	1113.29	1124.52
4	0.482966	14.0444	1102.91	1116.95
5	0.482046	16.5106	1103.63	1120.14
6	0.462762	19.2598	1099.08	1118.34
7	0.458667	21.8092	1098.86	1120.67
8	0.451431	24.4431	1097.62	1122.06
9	0.451368	26.9277	1098.52	1125.45
10	0.450489	29.4271	1099.19	1128.62
11	0.449219	31.9325	1099.78	1131.72
12	0.44777	34.4483	1100.28	1134.73
13	0.447777	36.9181	1101.2	1138.11
14	0.437232	39.7415	1099.2	1138.95
15	0.437279	42.2355	1100.05	1142.29
16	0.435111	44.8189	1100.24	1145.06
17	0.434377	47.3448	1100.87	1148.22
18	0.434047	49.8561	1101.61	1151.47
19	0.43244	52.4113	1102.07	1154.49
20	0.431406	54.9486	1102.67	1157.62
21	0.428707	57.5882	1102.69	1160.28
22	0.426575	60.2113	1102.86	1163.07
23	0.423424	62.8831	1102.81	1165.69
24	0.418692	65.6529	1102.3	1167.96
25	0.417047	68.2715	1102.64	1170.91
26	0.413688	70.982	1102.56	1173.54
27	0.413187	73.566	1103.12	1176.68
28	0.408019	76.4114	1102.49	1178.91
29	0.408013	78.9492	1103.31	1182.26
30	0.404809	81.7027	1103.2	1184.9
31	0.404803	84.2461	1104.01	1188.25
32	0.404147	86.8314	1104.64	1191.48
33	0.403501	89.4166	1105.29	1194.7
34	0.400138	92.1742	1105.26	1197.43
35	0.396315	95.0075	1104.97	1199.97
36	0.393688	97.7439	1105.08	1202.83
37	0.392766	100.407	1105.5	1205.91
38	0.392719	102.975	1106.27	1209.25
39	0.392731	105.549	1107.02	1212.57
40	0.392762	108.114	1107.8	1215.92
41	0.391836	110.771	1108.27	1219.04
42	0.391124	113.366	1108.95	1222.32
43	0.390463	115.993	1109.53	1225.52
44	0.389934	118.592	1110.2	1228.79
45	0.388992	121.256	1110.67	1231.93
46	0.386989	123.981	1110.95	1234.93
47	0.381301	127.219	1109.65	1236.86
48	0.380264	129.892	1110.14	1240.03
49	0.377998	132.741	1110.1	1242.84
50	0.377918	135.343	1110.82	1246.17
51	0.377859	137.944	1111.55	1249.5
52	0.377299	140.574	1112.2	1252.77
53	0.377298	143.166	1112.95	1256.11
54	0.371845	146.346	1112.02	1258.37
55	0.371004	149.047	1112.49	1261.54
56	0.370609	151.698	1113.1	1264.8
57	0.369101	154.448	1113.44	1267.89
58	0.369028	157.068	1114.14	1271.21
59	0.368769	159.716	1114.77	1274.49
60	0.368664	162.349	1115.44	1277.79
61	0.367676	165.108	1115.78	1280.89
62	0.367688	167.717	1116.51	1284.23
63	0.367475	170.366	1117.15	1287.51
64	0.367212	173.017	1117.78	1290.79
65	0.366208	175.773	1118.14	1293.91
66	0.366025	178.409	1118.81	1297.22
67	0.362025	181.578	1118.15	1299.73
68	0.36188	184.227	1118.81	1303.03
69	0.361647	186.865	1119.49	1306.35
70	0.360742	189.681	1119.74	1309.42
71	0.360703	192.316	1120.43	1312.74
72	0.360614	194.962	1121.09	1316.05
73	0.360569	197.589	1121.8	1319.39
74	0.360613	200.216	1122.51	1322.73
75	0.360167	202.905	1123.08	1325.99
76	0.359877	205.614	1123.6	1329.22
77	0.358388	208.512	1123.69	1332.2
78	0.358361	211.187	1124.3	1335.49
79	0.358302	213.846	1124.94	1338.79
80	0.35832	216.476	1125.66	1342.13
81	0.357427	219.202	1126.15	1345.35
82	0.357298	221.881	1126.75	1348.64
83	0.357294	224.516	1127.46	1351.97
84	0.357198	227.207	1128.04	1355.24
85	0.354212	230.346	1127.64	1357.98
86	0.353866	233.014	1128.27	1361.29
87	0.353563	235.685	1128.91	1364.59
88	0.352819	238.411	1129.42	1367.83
89	0.352807	241.054	1130.11	1371.17
90	0.352786	243.712	1130.77	1374.49
91	0.352412	246.479	1131.21	1377.69
92	0.351624	249.202	1131.73	1380.94
93	0.351456	251.897	1132.32	1384.22
94	0.347977	255.228	1131.6	1386.82
95	0.347125	258.119	1131.79	1389.91
96	0.347085	260.794	1132.43	1393.22
97	0.346718	263.507	1132.99	1396.5
98	0.3426	266.941	1132.1	1399.04
99	0.342402	269.653	1132.67	1402.33
100	0.341191	272.562	1132.86	1405.42
101	0.340885	275.268	1133.45	1408.71
102	0.340447	278.027	1133.93	1411.96
103	0.340429	280.693	1134.6	1415.3
104	0.339044	283.669	1134.67	1418.33
105	0.33903	286.342	1135.33	1421.67
106	0.338165	289.188	1135.65	1424.84
107	0.33772	292.001	1136.04	1428.04
108	0.337676	294.677	1136.7	1431.37
109	0.337705	297.352	1137.36	1434.71
110	0.33766	300.031	1138.01	1438.04
111	0.335081	303.23	1137.67	1440.9
112	0.335083	305.904	1138.33	1444.24
113	0.334344	308.722	1138.73	1447.45
114	0.334163	311.422	1139.34	1450.77
115	0.334129	314.114	1139.98	1454.09
116	0.334127	316.789	1140.64	1457.43
117	0.333901	319.553	1141.14	1460.69
118	0.333507	322.329	1141.61	1463.94
119	0.333424	325.053	1142.19	1467.24
120	0.333191	327.8	1142.72	1470.52
121	0.332553	330.638	1143.09	1473.73
122	0.332464	333.328	1143.73	1477.06
123	0.332221	336.096	1144.23	1480.32
124	0.330558	339.157	1144.2	1483.35
125	0.32929	342.181	1144.24	1486.42
126	0.329183	344.899	1144.83	1489.73
127	0.328488	347.851	1145.01	1492.86
128	0.327457	350.855	1145.09	1495.95
129	0.327159	353.61	1145.62	1499.23
130	0.326137	356.611	1145.72	1502.33
131	0.32614	359.307	1146.36	1505.67
132	0.325998	362.085	1146.86	1508.94
133	0.325625	364.857	1147.36	1512.22
134	0.325274	367.659	1147.82	1515.48
135	0.324806	370.468	1148.26	1518.73
136	0.324242	373.331	1148.61	1521.94
137	0.322304	376.697	1148.09	1524.79
138	0.322322	379.4	1148.73	1528.13
139	0.322205	382.148	1149.28	1531.43
140	0.32211	384.872	1149.88	1534.75
141	0.321408	387.764	1150.19	1537.95
142	0.321027	390.561	1150.66	1541.22
143	0.32003	393.582	1150.76	1544.34
144	0.318608	396.659	1150.76	1547.42
145	0.317868	399.627	1150.95	1550.58
146	0.3158	402.92	1150.59	1553.51
147	0.315788	405.65	1151.19	1556.84
148	0.31463	408.697	1151.25	1559.95
149	0.314614	411.413	1151.87	1563.29
150	0.314043	414.286	1152.23	1566.52
151	0.314055	417.01	1152.84	1569.85
152	0.313946	419.764	1153.4	1573.16
153	0.31396	422.497	1153.99	1576.49
154	0.313072	425.561	1154.04	1579.6
155	0.312549	428.439	1154.4	1582.84
156	0.312375	431.213	1154.93	1586.14
157	0.31201	434.072	1155.32	1589.39
158	0.311608	436.926	1155.71	1592.64
159	0.31125	439.777	1156.12	1595.9
160	0.310502	442.745	1156.33	1599.08
161	0.30877	446.126	1155.88	1602.01
162	0.308145	448.988	1156.27	1605.26
163	0.306282	452.494	1155.63	1608.12
164	0.304937	455.74	1155.41	1611.15
165	0.304917	458.499	1155.97	1614.47
166	0.30458	461.415	1156.28	1617.7
167	0.304387	464.236	1156.75	1620.98
168	0.303817	467.219	1156.96	1624.17
169	0.303462	470.135	1157.27	1627.41
170	0.303358	472.931	1157.78	1630.71
171	0.303177	475.725	1158.29	1634.02
172	0.302717	478.696	1158.52	1637.22
173	0.302435	481.536	1158.96	1640.5
174	0.30233	484.341	1159.46	1643.8
175	0.301179	487.577	1159.28	1646.85
176	0.301048	490.377	1159.78	1650.16
177	0.299978	493.526	1159.74	1653.27
178	0.29996	496.288	1160.31	1656.6
179	0.299582	499.171	1160.69	1659.86
180	0.299279	502.054	1161.07	1663.12
181	0.299058	504.936	1161.45	1666.38
182	0.298992	507.704	1162.01	1669.71
183	0.298989	510.458	1162.59	1673.04
184	0.29898	513.223	1163.15	1676.37
185	0.298747	516.123	1163.5	1679.63
186	0.298732	518.886	1164.07	1682.96
187	0.298665	521.67	1164.61	1686.28
188	0.298484	524.532	1165.02	1689.55
189	0.298061	527.453	1165.35	1692.8
190	0.298054	530.211	1165.92	1696.13
191	0.297729	533.104	1166.29	1699.4
192	0.29756	535.916	1166.78	1702.7
193	0.297543	538.674	1167.36	1706.03
194	0.296709	541.779	1167.41	1709.19
195	0.29643	544.676	1167.78	1712.45
196	0.296033	547.713	1167.93	1715.65
197	0.295878	550.585	1168.34	1718.92
198	0.295854	553.349	1168.91	1722.26
199	0.29581	556.151	1169.42	1725.57
200	0.295826	558.926	1169.97	1728.9
