1	0.293261	7.13884	1027.4	1034.54
2	0.258495	10.8101	1010.33	1021.14
3	0.258429	14.227	1010.42	1024.65
4	0.184923	19.2602	967.298	986.558
5	0.184598	23.023	966.865	989.888
6	0.152691	28.0421	943.926	971.968
7	0.152593	31.9837	943.332	975.316
8	0.129637	37.1722	925.772	962.945
9	0.129636	41.2463	925.11	966.356
10	0.113118	46.5108	911.272	957.783
11	0.112984	50.7037	910.365	961.068
12	0.103409	55.7433	901.526	957.269
13	0.103377	59.9884	900.662	960.651
14	0.0968182	64.889	894.431	959.32
15	0.0967812	69.1748	893.518	962.693
16	0.092212	73.9601	888.963	962.923
17	0.092102	78.2799	887.965	966.245
18	0.0875811	83.205	882.989	966.194
19	0.0875297	87.5507	881.991	969.541
20	0.0852149	92.1502	879.461	971.611
21	0.0851914	96.5026	878.469	974.971
22	0.0823634	101.283	875.093	976.376
23	0.0822977	105.661	874.035	979.696
24	0.0805539	110.248	871.893	982.142
25	0.080381	114.642	870.789	985.431
26	0.0789839	119.163	869.062	988.226
27	0.0787462	123.569	867.919	991.488
28	0.0771427	128.2	865.745	993.945
29	0.0769613	132.613	864.602	997.215
30	0.0757599	137.129	863.016	1000.14
31	0.0752943	141.642	861.465	1003.11
32	0.074245	146.157	859.927	1006.08
33	0.0741267	150.571	858.815	1009.39
34	0.0730226	155.129	857.14	1012.27
35	0.0726182	159.625	855.728	1015.35
36	0.0718613	164.096	854.421	1018.52
37	0.0717077	168.543	853.212	1021.75
38	0.0706202	173.112	851.564	1024.68
39	0.0704519	177.557	850.376	1027.93
40	0.0697193	182.069	848.961	1031.03
41	0.0694314	186.586	847.537	1034.12
42	0.0687428	191.072	846.23	1037.3
43	0.0685949	195.524	845.042	1040.57
44	0.0680011	200.004	843.763	1043.77
45	0.0678341	204.459	842.573	1047.03
46	0.0669216	209.065	840.904	1049.97
47	0.0666822	213.597	839.483	1053.08
48	0.0661966	218.078	838.231	1056.31
49	0.0660283	222.57	836.945	1059.52
50	0.0654608	227.073	835.633	1062.71
51	0.0651598	231.588	834.291	1065.88
52	0.0645479	236.158	832.795	1068.95
53	0.0641924	240.708	831.366	1072.07
54	0.0636767	245.233	830.016	1075.25
55	0.0632328	249.854	828.397	1078.25
56	0.0626948	254.441	826.89	1081.33
57	0.0621478	259.117	825.143	1084.26
58	0.0619863	263.582	823.986	1087.57
59	0.0616094	268.139	822.58	1090.72
60	0.0612395	272.733	821.082	1093.82
61	0.0607908	277.41	819.372	1096.78
62	0.0605729	281.931	818.083	1100.01
63	0.0601827	286.525	816.608	1103.13
64	0.0598878	291.075	815.251	1106.33
65	0.059512	295.731	813.63	1109.36
66	0.0591728	300.304	812.226	1112.53
67	0.0588645	304.872	810.839	1115.71
68	0.0585313	309.465	809.395	1118.86
69	0.0579919	314.137	807.762	1121.9
70	0.0575998	318.826	806.096	1124.92
71	0.0571092	323.506	804.463	1127.97
72	0.0568241	328.066	803.123	1131.19
73	0.0566549	332.567	801.924	1134.49
74	0.056138	337.409	799.926	1137.33
75	0.0555964	342.11	798.268	1140.38
76	0.0553679	346.74	796.784	1143.52
77	0.0551268	351.282	795.506	1146.79
78	0.054942	355.851	794.168	1150.02
79	0.0547342	360.39	792.902	1153.29
80	0.0543207	365.139	791.163	1156.3
81	0.0539626	369.773	789.69	1159.46
82	0.053729	374.37	788.303	1162.67
83	0.053449	378.969	786.916	1165.88
84	0.053185	383.572	785.521	1169.09
85	0.0530197	388.112	784.266	1172.38
86	0.0527433	392.774	782.749	1175.52
87	0.0525135	397.361	781.396	1178.76
88	0.0522687	402.001	779.934	1181.93
89	0.0520236	406.626	778.505	1185.13
90	0.0517519	411.262	777.058	1188.32
91	0.051589	415.812	775.793	1191.61
92	0.0513705	420.421	774.407	1194.83
93	0.0512052	424.977	773.133	1198.11
94	0.0509441	429.68	771.557	1201.24
95	0.0507249	434.299	770.157	1204.46
96	0.0506034	438.86	768.878	1207.74
97	0.050414	443.449	767.544	1210.99
98	0.0502705	448.037	766.212	1214.25
99	0.0501184	452.61	764.912	1217.52
100	0.0499967	457.18	763.62	1220.8
101	0.0497371	461.845	762.141	1223.99
102	0.049692	466.367	760.945	1227.31
103	0.0493592	471.11	759.316	1230.43
104	0.0492386	475.707	757.976	1233.68
105	0.0489598	480.426	756.4	1236.83
106	0.0489549	484.941	755.225	1240.17
107	0.0487095	489.625	753.722	1243.35
108	0.048675	494.157	752.514	1246.67
109	0.0483967	498.898	750.905	1249.8
110	0.0483765	503.426	749.707	1253.13
111	0.0481464	508.115	748.203	1256.32
112	0.048155	512.636	747.019	1259.66
113	0.0479019	517.354	745.465	1262.82
114	0.0479209	521.886	744.261	1266.15
115	0.0477483	526.487	742.931	1269.42
116	0.0477481	531.008	741.748	1272.76
117	0.0475733	535.649	740.345	1275.99
118	0.0475779	540.174	739.156	1279.33
119	0.0474551	544.755	737.863	1282.62
120	0.0474637	549.292	736.653	1285.95
121	0.0473111	553.895	735.324	1289.22
122	0.0473058	558.427	734.122	1292.55
123	0.0472339	562.981	732.882	1295.86
124	0.0472377	567.511	731.685	1299.2
125	0.0471854	572.045	730.481	1302.53
126	0.0471857	576.576	729.283	1305.86
127	0.0470146	581.2	727.917	1309.12
128	0.0470156	585.725	726.73	1312.45
129	0.0469721	590.259	725.527	1315.79
130	0.0469691	594.804	724.303	1319.11
131	0.046823	599.415	722.964	1322.38
132	0.0468244	603.941	721.775	1325.72
133	0.0467957	608.471	720.58	1329.05
134	0.0467996	613.005	719.377	1332.38
135	0.0467186	617.566	718.126	1335.69
136	0.0467173	622.1	716.923	1339.02
137	0.0465756	626.725	715.564	1342.29
138	0.046571	631.255	714.369	1345.62
139	0.0465152	635.8	713.146	1348.95
140	0.0465172	640.328	711.955	1352.28
141	0.0464177	644.941	710.618	1355.56
142	0.0464158	649.485	709.398	1358.88
143	0.0463486	654.057	708.132	1362.19
144	0.0463527	658.589	706.933	1365.52
145	0.0462835	663.181	705.633	1368.81
146	0.0462831	667.709	704.443	1372.15
147	0.0462717	672.239	703.247	1375.49
148	0.0462715	676.78	702.034	1378.81
149	0.0462637	681.308	700.842	1382.15
150	0.0462701	685.844	699.638	1385.48
151	0.0462336	690.407	698.387	1388.79
152	0.0462253	694.955	697.162	1392.12
153	0.0462367	699.496	695.949	1395.45
154	0.0462376	704.025	694.756	1398.78
155	0.0462426	708.554	693.563	1402.12
156	0.0462441	713.085	692.366	1405.45
157	0.0462224	717.635	691.139	1408.77
158	0.0462205	722.175	689.927	1412.1
159	0.0462225	726.705	688.733	1415.44
160	0.0462201	731.235	687.538	1418.77
161	0.0462241	735.766	686.34	1422.11
162	0.046222	740.3	685.139	1425.44
163	0.0462295	744.837	683.933	1428.77
164	0.046227	749.377	682.722	1432.1
165	0.0462235	753.908	681.525	1435.43
166	0.0462151	758.451	680.309	1438.76
167	0.0462206	762.987	679.105	1442.09
168	0.0462191	767.52	677.905	1445.42
169	0.0462193	772.048	676.713	1448.76
170	0.0462189	776.576	675.52	1452.1
171	0.0462197	781.106	674.324	1455.43
172	0.0462172	785.642	673.12	1458.76
173	0.0462181	790.176	671.918	1462.09
174	0.0462193	794.716	670.706	1465.42
175	0.0462184	799.253	669.5	1468.75
176	0.0462186	803.781	668.308	1472.09
177	0.0462195	808.314	667.109	1475.42
178	0.0462219	812.845	665.911	1478.76
179	0.0462194	817.378	664.711	1482.09
180	0.0462205	821.907	663.517	1485.42
181	0.0462182	826.436	662.322	1488.76
182	0.0462199	830.968	661.124	1492.09
183	0.0462147	835.504	659.919	1495.42
184	0.0462147	840.032	658.727	1498.76
185	0.0462122	844.561	657.533	1502.09
186	0.0462136	849.09	656.338	1505.43
187	0.0462025	853.639	655.113	1508.75
188	0.0462019	858.168	653.919	1512.09
189	0.0461975	862.699	652.722	1515.42
190	0.046198	867.227	651.529	1518.76
191	0.0461905	871.761	650.326	1522.09
192	0.0461867	876.296	649.124	1525.42
193	0.0461799	880.838	647.91	1528.75
194	0.0461793	885.368	646.714	1532.08
195	0.0461819	889.896	645.52	1535.42
196	0.046184	894.425	644.326	1538.75
197	0.0461639	898.989	643.079	1542.07
198	0.0461555	903.528	641.869	1545.4
199	0.0461548	908.056	640.676	1548.73
200	0.0461543	912.584	639.483	1552.07
